0 360.005 0 0 0 0 
0 360.01 0 0 0 0 
0 360.105 0.01 0 0 0 
0 360.265 0.015 0 0 0 
0 360.425 0.015 0 0 0 
0 360.645 0.015 0 0 0 
0 360.975 0.015 0 0 0 
0 361.6 0.015 0 0 0 
0 362.63 0.015 0 0 0 
0 363.85 0.015 0 0 0 
0 365.21 0.015 0 0 0 
0 367.035 0.015 0 0 0 
-0.04 368.915 0.015 0 0 0 
-0.04 370.995 0.015 0 0 0 
-0.04 373.26 0.015 0 0 0 
-0.04 375.8 0.015 0 0 0 
-0.04 378.31 0.015 0 0 0 
-0.04 380.85 0.015 0 0 0 
-0.04 383.475 0.015 0 0 0 
-0.04 386.045 0.015 0 0 0 
-0.04 388.7 0.015 0 0 0 
-0.04 391.585 0.015 0 0 0 
-0.04 394.62 0.015 0 0 0 
-0.04 397.78 0.015 0 0 0 
-0.06 400.695 0.015 0 0 0 
-0.13 403.495 0.015 0 0 0 
-0.2 406.38 0.015 0 0 0 
-0.205 409.51 0.015 0 0 0 
-0.205 412.73 0.015 0 0 0 
-0.205 415.86 0.015 0 0 0 
-0.205 418.54 0.015 0 0 0 
-0.205 421.055 0.015 0 0 0 
-0.21 423.97 0.015 0 0 0 
-0.3 426.68 0.015 0 0 0 
-0.435 429.28 0.015 0 0 0 
-0.555 431.82 0.015 0 0 0 
-0.625 434.25 0.015 0 0 0 
-0.68 436.5 0.015 0 0 0 
-0.68 438.845 0.015 0 0 0 
-0.72 441.76 0.015 0 0 0 
-0.88 444.62 0.015 0 0 0 
-1.045 447.025 0.015 0 0 0 
-1.24 449.375 0.015 0 0 0 
-1.415 451.645 0.015 0 0 0 
-1.48 453.83 0.015 0 0 0 
-1.54 455.805 0.015 0 0 0 
-1.54 457.46 0.015 0 0 0 
-1.54 459.285 0.015 0 0 0 
-1.54 461.26 0.015 0 0 0 
-1.545 463.11 0.015 0 0 0 
-1.615 464.65 0.015 0 0 0 
-1.67 466.08 0.015 0 0 0 
-1.685 467.715 0.015 0 0 0 
-1.685 469.445 0.015 0 0 0 
-1.685 471.01 0.015 0 0 0 
-1.685 472.285 0.01 0 0 0 
-1.685 473.225 -0.06 0 0 0 
-1.685 473.91 -0.22 0 0 0 
-1.685 474.38 -0.4 0 0 0 
-1.685 474.365 -0.4 0 0 0 
-1.69 474.47 -0.4 0 0 0 
-1.69 474.485 -0.405 0 0 0 
-1.69 474.505 -0.43 0 0 0 
-1.69 474.505 -0.455 0 0 0 
-1.69 474.48 -0.51 0 0 0 
-1.69 474.37 -0.53 0 0 0 
-1.69 474.16 -0.53 0 0 0 
-1.69 473.84 -0.53 0 0 0 
-1.69 473.275 -0.53 0 0 0 
-1.69 472.45 -0.53 0 0 0 
-1.69 471.44 -0.53 0 0 0 
-1.69 470.465 -0.53 0 0 0 
-1.69 469.585 -0.53 0 0 0 
-1.69 468.535 -0.53 0 0 0 
-1.69 467.345 -0.53 0 0 0 
-1.69 466.005 -0.53 0 0 0 
-1.69 464.575 -0.53 0 0 0 
-1.69 463.235 -0.53 0 0 0 
-1.69 462.085 -0.53 0 0 0 
-1.69 461.165 -0.53 0 0 0 
-1.69 460.32 -0.53 0 0 0 
-1.69 459.365 -0.53 0 0 0 
-1.69 458.255 -0.53 0 0 0 
-1.69 457.26 -0.53 0 0 0 
-1.69 456.485 -0.53 0 0 0 
-1.69 455.85 -0.53 0 0 0 
-1.69 455.11 -0.53 0 0 0 
-1.69 454.19 -0.53 0 0 0 
-1.69 452.98 -0.53 0 0 0 
-1.69 451.595 -0.53 0 0 0 
-1.69 450.34 -0.53 0 0 0 
-1.69 449.23 -0.53 0 0 0 
-1.69 448.04 -0.53 0 0 0 
-1.69 446.655 -0.53 0 0 0 
-1.69 445.02 -0.53 0 0 0 
-1.75 443.145 -0.53 0 0 0 
-1.845 441.14 -0.525 0 0 0 
-1.955 439.11 -0.525 0 0 0 
-2.075 437.155 -0.525 0 0 0 
-2.185 435.125 -0.525 0 0 0 
-2.36 432.965 -0.525 0 0 0 
-2.53 430.905 -0.525 0 0 0 
-2.64 428.9 -0.525 0 0 0 
-2.715 427.05 -0.525 0 0 0 
-2.775 425.345 -0.525 0 0 0 
-2.86 423.665 -0.525 0 0 0 
-2.965 421.885 -0.525 0 0 0 
-3.07 420.055 -0.525 0 0 0 
-3.215 418.32 -0.525 0 0 0 
-3.405 417.025 -0.525 0 0 0 
-3.65 415.715 -0.525 0 0 0 
-3.905 414.225 -0.525 0 0 0 
-4.18 412.54 -0.525 0 0 0 
-4.47 411.16 -0.525 0 0 0 
-4.77 410.335 -0.51 0 0 0 
-5.12 409.795 -0.43 0 0 0 
-5.485 409.295 -0.285 0 0 0 
-5.915 408.715 -0.125 0 0 0 
-6.425 408.07 0.1 0 0 0 
-7.025 407.6 0.37 0 0 0 
-7.815 407.49 0.7 0 0 0 
-8.9 407.49 1.025 0 0 0 
-10.225 407.49 1.36 0 0 0 
-11.735 407.49 1.885 0 0 0 
-13.41 407.49 2.58 0 0 0 
-15.39 407.49 3.4 0 0 0 
-17.7 407.49 4.115 0 0 0 
-20.335 407.49 4.68 0 0 0 
-23.12 407.49 5.065 0 0 0 
-26.165 407.49 5.49 0 0 0 
-29.355 407.49 6.025 0 0 0 
-32.675 407.49 6.625 0 0 0 
-36.345 407.49 7.25 0 0 0 
-40.31 407.49 7.855 0 0 0 
-44.515 407.49 8.495 0 0 0 
-48.87 407.49 9.205 0 0 0 
-53.4 407.49 9.935 0 0 0 
-58.105 407.49 10.645 0 0 0 
-62.995 407.49 11.39 0 0 0 
-68.19 407.49 12.22 0 0 0 
-73.575 407.49 13.04 0 0 0 
-79.065 407.49 13.75 0 0 0 
-84.66 407.49 14.33 0 0 0 
-90.05 407.49 14.765 0 0 0 
-94.95 407.49 15.135 0 0 0 
-99.7 407.49 15.48 0 0 0 
-104.375 407.49 15.78 0 0 0 
-108.8 407.49 16.035 0 0 0 
-112.905 407.49 16.18 0 0 0 
-116.475 407.49 16.18 0 0 0 
-119.575 407.49 16.18 0 0 0 
-122.285 407.49 16.18 0 0 0 
-124.495 407.49 16.18 0 0 0 
-126.295 407.49 16.18 0 0 0 
-127.835 407.49 16.18 0 0 0 
-129.13 407.49 16.18 0 0 0 
-130.14 407.49 16.18 0 0 0 
-130.965 407.49 16.18 0 0 0 
-131.69 407.49 16.18 0 0 0 
-132.24 407.49 16.18 0 0 0 
-132.65 407.49 16.18 0 0 0 
-132.97 407.495 16.165 0 0 0 
-133.14 407.535 16.1 0 0 0 
-133.21 407.585 16 0 0 0 
-133.21 407.635 15.88 0 0 0 
-133.21 407.75 15.765 0 0 0 
-133.17 408.005 15.67 0 0 0 
-133.02 408.22 15.575 0 0 0 
-132.7 408.38 15.445 0 0 0 
-132.24 408.575 15.28 0 0 0 
-131.59 408.785 15.06 0 0 0 
-130.9 409.02 14.825 0 0 0 
-129.945 409.335 14.545 0 0 0 
-128.755 409.65 14.195 0 0 0 
-127.08 410.025 13.765 0 0 0 
-124.9 410.375 13.335 0 0 0 
-122.58 410.57 12.93 0 0 0 
-120.37 410.62 12.5 0 0 0 
-118.26 410.64 12.05 0 0 0 
-116 410.98 11.575 0 0 0 
-113.395 411.46 11.03 0 0 0 
-110.645 411.985 10.505 0 0 0 
-107.88 412.455 10.035 0 0 0 
-104.855 412.905 9.565 0 0 0 
-101.73 413.4 9.015 0 0 0 
-98.575 414.01 8.35 0 0 0 
-94.985 414.71 7.71 0 0 0 
-91.41 415.33 7.11 0 0 0 
-88.055 415.705 6.6 0 0 0 
-84.74 416.005 6.15 0 0 0 
-81.57 416.355 5.635 0 0 0 
-78.405 416.89 5.065 0 0 0 
-75.305 417.46 4.535 0 0 0 
-72.26 417.86 4.12 0 0 0 
-69.325 418.11 3.815 0 0 0 
-66.365 418.405 3.415 0 0 0 
-63.265 418.825 2.795 0 0 0 
-60.215 419.335 2.16 0 0 0 
-57.205 419.84 1.58 0 0 0 
-54.355 420.245 1.07 0 0 0 
-51.43 420.53 0.589999 0 0 0 
-48.42 420.675 0.0699992 0 0 0 
-45.35 420.84 -0.455001 0 0 0 
-42.365 421.04 -0.995001 0 0 0 
-39.355 421.255 -1.48 0 0 0 
-36.47 421.345 -1.955 0 0 0 
-33.59 421.345 -2.38 0 0 0 
-30.69 421.35 -2.735 0 0 0 
-27.725 421.405 -3.13 0 0 0 
-24.6 421.58 -3.605 0 0 0 
-21.41 421.745 -4.1 0 0 0 
-18.41 421.835 -4.565 0 0 0 
-15.415 421.84 -4.975 0 0 0 
-12.425 421.845 -5.335 0 0 0 
-9.28503 421.975 -5.665 0 0 0 
-5.98503 422.255 -5.985 0 0 0 
-2.65003 422.575 -6.285 0 0 0 
0.76997 422.785 -6.475 0 0 0 
4.11497 422.805 -6.515 0 0 0 
7.39997 422.805 -6.535 0 0 0 
10.685 422.805 -6.63 0 0 0 
14.1 422.995 -6.785 0 0 0 
17.525 423.28 -7.015 0 0 0 
20.845 423.45 -7.165 0 0 0 
24.285 423.47 -7.185 0 0 0 
27.695 423.47 -7.185 0 0 0 
31.01 423.47 -7.185 0 0 0 
34.355 423.47 -7.185 0 0 0 
37.86 423.47 -7.185 0 0 0 
41.3 423.47 -7.185 0 0 0 
44.52 423.47 -7.185 0 0 0 
47.995 423.47 -7.185 0 0 0 
51.63 423.53 -7.205 0 0 0 
55.2 423.55 -7.225 0 0 0 
58.58 423.55 -7.23 0 0 0 
61.77 423.55 -7.23 0 0 0 
64.9 423.55 -7.23 0 0 0 
67.905 423.55 -7.23 0 0 0 
71.035 423.55 -7.23 0 0 0 
74.35 423.55 -7.23 0 0 0 
77.79 423.55 -7.23 0 0 0 
81.295 423.55 -7.23 0 0 0 
84.675 423.55 -7.23 0 0 0 
87.755 423.55 -7.23 0 0 0 
90.435 423.55 -7.23 0 0 0 
92.865 423.55 -7.23 0 0 0 
95.1 423.55 -7.23 0 0 0 
97.155 423.55 -7.23 0 0 0 
98.79 423.55 -7.23 0 0 0 
99.98 423.55 -7.23 0 0 0 
100.77 423.55 -7.23 0 0 0 
101.26 423.53 -7.23 0 0 0 
101.48 423.53 -7.23 0 0 0 
101.605 423.53 -7.23 0 0 0 
101.66 423.5 -7.23 0 0 0 
101.66 423.485 -7.23 0 0 0 
101.65 423.485 -7.23 0 0 0 
101.47 423.485 -7.23 0 0 0 
101.1 423.42 -7.23 0 0 0 
100.575 423.175 -7.23 0 0 0 
99.75 422.805 -7.23 0 0 0 
98.56 422.42 -7.23 0 0 0 
97.07 422.135 -7.23 0 0 0 
95.26 421.93 -7.23 0 0 0 
93.145 421.695 -7.23 0 0 0 
90.73 421.35 -7.23 0 0 0 
88.06 421.01 -7.23 0 0 0 
85.245 420.625 -7.23 0 0 0 
82.455 420.205 -7.23 0 0 0 
79.73 419.845 -7.23 0 0 0 
76.915 419.775 -7.23 0 0 0 
74.06 419.775 -7.23 0 0 0 
71.055 419.775 -7.23 0 0 0 
67.99 419.775 -7.23 0 0 0 
64.735 419.715 -7.23 0 0 0 
61.42 419.715 -7.23 0 0 0 
58.135 419.715 -7.23 0 0 0 
55.07 419.715 -7.23 0 0 0 
52.155 419.715 -7.23 0 0 0 
49.3 419.715 -7.23 0 0 0 
46.295 419.715 -7.23 0 0 0 
43.045 419.715 -7.23 0 0 0 
39.54 419.715 -7.23 0 0 0 
35.935 419.715 -7.23 0 0 0 
32.3 419.715 -7.23 0 0 0 
28.73 419.715 -7.23 0 0 0 
25.125 419.715 -7.23 0 0 0 
21.84 419.715 -7.23 0 0 0 
18.865 419.715 -7.23 0 0 0 
16.41 419.715 -7.23 0 0 0 
14.435 419.715 -7.23 0 0 0 
12.825 419.715 -7.145 0 0 0 
11.16 419.645 -6.99 0 0 0 
9.84497 419.565 -6.735 0 0 0 
8.51997 419.47 -6.4 0 0 0 
7.34497 419.345 -6.015 0 0 0 
6.38997 419.24 -5.625 0 0 0 
5.49997 419.115 -5.205 0 0 0 
4.65997 419.065 -4.66 0 0 0 
3.74997 419.065 -3.725 0 0 0 
2.81497 419.065 -2.42 0 0 0 
1.88497 418.91 -0.595002 0 0 0 
0.974966 418.695 1.605 0 0 0 
0.0149662 418.52 4.18 0 0 0 
-1.07003 418.5 7.105 0 0 0 
-2.21503 418.5 10.335 0 0 0 
-3.39003 418.48 13.78 0 0 0 
-4.65503 418.34 17.275 0 0 0 
-5.93003 418.28 21.02 0 0 0 
-7.24003 418.24 24.71 0 0 0 
-8.52503 418.235 28.36 0 0 0 
-9.72503 418.235 32.155 0 0 0 
-10.855 418.23 36.26 0 0 0 
-12.07 418.12 40.755 0 0 0 
-13.315 417.86 45.29 0 0 0 
-14.57 417.605 49.725 0 0 0 
-15.73 417.6 53.705 0 0 0 
-16.72 417.6 57.085 0 0 0 
-17.605 417.6 60.205 0 0 0 
-18.3 417.6 63.145 0 0 0 
-18.875 417.6 65.925 0 0 0 
-19.305 417.6 68.66 0 0 0 
-19.65 417.6 71.71 0 0 0 
-19.955 417.6 74.695 0 0 0 
-20.225 417.6 77.71 0 0 0 
-20.47 417.6 80.355 0 0 0 
-20.63 417.6 82.65 0 0 0 
-20.65 417.6 84.675 0 0 0 
-20.65 417.6 86.65 0 0 0 
-20.65 417.6 88.475 0 0 0 
-20.65 417.6 90.04 0 0 0 
-20.65 417.6 91.17 0 0 0 
-20.65 417.6 91.705 0 0 0 
-20.65 417.6 91.885 0 0 0 
-20.65 417.6 91.91 0 0 0 
-20.65 417.6 91.9 0 0 0 
-20.65 417.6 91.83 0 0 0 
-20.65 417.6 91.64 0 0 0 
-20.645 417.6 91.355 0 0 0 
-20.615 417.6 90.715 0 0 0 
-20.6 417.6 89.22 0 0 0 
-20.58 417.6 87.195 0 0 0 
-20.43 417.6 84.79 0 0 0 
-20.295 417.6 82.33 0 0 0 
-20.255 417.6 79.97 0 0 0 
-20.22 417.6 77.43 0 0 0 
-20.11 417.6 74.51 0 0 0 
-19.945 417.6 71.285 0 0 0 
-19.68 417.6 67.87 0 0 0 
-19.45 417.6 64.425 0 0 0 
-19.305 417.6 61.385 0 0 0 
-19.13 417.6 58.555 0 0 0 
-18.875 417.6 55.42 0 0 0 
-18.605 417.6 51.875 0 0 0 
-18.405 417.6 47.935 0 0 0 
-18.16 417.6 43.79 0 0 0 
-17.96 417.6 39.85 0 0 0 
-17.78 417.6 36.08 0 0 0 
-17.58 417.6 32.31 0 0 0 
-17.325 417.6 28.535 0 0 0 
-17.11 417.6 24.795 0 0 0 
-17.005 417.6 21.605 0 0 0 
-17.005 417.6 18.865 0 0 0 
-17.005 417.565 16.065 0 0 0 
-17.005 417.545 13.15 0 0 0 
-17.005 417.545 10.235 0 0 0 
-17.005 417.545 7.28999 0 0 0 
-17.005 417.545 4.52499 0 0 0 
-17.005 417.545 1.84499 0 0 0 
-17.005 417.545 -0.965008 0 0 0 
-17.005 417.545 -3.85001 0 0 0 
-17.005 417.545 -6.85501 0 0 0 
-17.005 417.545 -9.86001 0 0 0 
-17.005 417.545 -12.835 0 0 0 
-17.005 417.545 -15.635 0 0 0 
-17.005 417.545 -17.925 0 0 0 
-17.005 417.545 -19.775 0 0 0 
-17.005 417.545 -21.05 0 0 0 
-16.97 417.545 -21.88 0 0 0 
-16.965 417.545 -22.34 0 0 0 
-16.965 417.545 -22.54 0 0 0 
-16.965 417.545 -22.565 0 0 0 
