0 360.005 0 0 0 0 
0 360.02 0 0 0 0 
0 360.055 0 0 0 0 
0 360.125 0 0 0 0 
0 360.215 0 0 0 0 
0 360.34 0 0 0 0 
0 360.52 0 0 0 0.0008 
0 360.75 0 0 0.0008 0.0016 
0 361.055 0 0 0.0024 0.0016 
0 361.375 0 0 0.0048 0.0016 
0 361.68 0 0 0.0088 0.0016 
0 362 0 0 0.0136 0.0056 
0 362.535 0 0 0.0248 0.0152 
0 363.225 0 0 0.0472 0.0376 
0 364.035 0 0 0.0904 0.0664 
0 364.915 0 -0.0016 0.1576 0.0888 
0 365.985 0 -0.0024 0.2488 0.1032 
0 367.28 0 -0.0024 0.3496 0.1168 
0 368.845 0 -0.0024 0.4488 0.14 
0 370.48 0 -0.0024 0.5464 0.1688 
0 372.21 0 -0.0024 0.6432 0.204 
0 374.085 0 -0.0024 0.7448 0.2384 
0 376.11 0 -0.0072 0.856 0.272 
0 378.32 0 -0.02 0.9672 0.3024 
0 380.775 0 -0.0376 1.0736 0.3344 
0 383.66 0 -0.0656 1.1832 0.3752 
0 386.725 0 -0.0928 1.2888 0.42 
0 389.64 0 -0.1152 1.392 0.456 
0 392.235 0 -0.132 1.4928 0.4808 
0 394.805 0 -0.1416 1.6016 0.492 
0 397.43 0 -0.1496 1.7128 0.5032 
0 400.14 0 -0.1592 1.8296 0.5176 
0 403.025 0 -0.168 1.9472 0.5408 
0 405.88 0 -0.1768 2.0712 0.5712 
0 408.765 0 -0.184 2.204 0.6056 
0 411.865 0 -0.1952 2.344 0.6496 
0 414.9 0 -0.2024 2.4928 0.6984 
0 417.58 0 -0.2048 2.6456 0.7368 
0 419.925 0 -0.2048 2.8152 0.7616 
0 422.19 0 -0.2048 3 0.7792 
0 424.7 0 -0.2048 3.2152 0.796 
0 427.355 0 -0.2048 3.452 0.824 
0 429.895 0 -0.2048 3.7008 0.8656 
0 432.105 0 -0.2048 3.9616 0.9176 
0 434.13 0.005 -0.2048 4.2352 0.9792 
0 436.03 0.095 -0.2048 4.5184 1.0536 
0 437.645 0.275 -0.2048 4.8064 1.1528 
0 439.125 0.475 -0.2048 5.0968 1.2648 
0 440.43 0.665 -0.2048 5.3968 1.404 
0 441.655 0.865 -0.2048 5.7056 1.5472 
0 442.63 1.095 -0.2048 6.0176 1.6888 
0 443.4 1.355 -0.2048 6.3392 1.824 
0 444.05 1.64 -0.2048 6.6688 1.96 
0 444.515 1.965 -0.2048 7.0112 2.1008 
0 444.87 2.305 -0.2048 7.3688 2.2384 
0 445.11 2.645 -0.2048 7.748 2.3816 
0 445.31 2.93 -0.2048 8.1696 2.5456 
0 445.56 3.24 -0.2048 8.6168 2.7432 
0 445.785 3.565 -0.2048 9.0816 2.9784 
0 445.935 3.94 -0.2048 9.5376 3.232 
-0.02 446.045 4.395 -0.2048 9.9856 3.52 
-0.07 446.185 4.97 -0.2048 10.4176 3.8248 
-0.165 446.29 5.605 -0.2048 10.8304 4.1184 
-0.28 446.38 6.255 -0.2048 11.2352 4.4104 
-0.4 446.41 6.935 -0.204 11.6304 4.6968 
-0.57 446.43 7.625 -0.2032 12.028 5.0072 
-0.805 446.495 8.36 -0.2 12.4304 5.3504 
-1.145 446.51 9.195 -0.2 12.828 5.7328 
-1.57 446.51 10.135 -0.1968 13.2216 6.1296 
-2.05 446.51 11.105 -0.1936 13.6056 6.5312 
-2.57 446.51 12.155 -0.184 13.9792 6.9224 
-3.115 446.51 13.34 -0.1664 14.3328 7.2792 
-3.705 446.51 14.555 -0.1488 14.6744 7.6184 
-4.375 446.51 15.755 -0.1376 15.0016 7.9432 
-5.175 446.51 17.005 -0.1264 15.3048 8.2544 
-6.145 446.51 18.32 -0.1104 15.5696 8.5456 
-7.225 446.51 19.685 -0.0824 15.7928 8.8192 
-8.38 446.51 21.07 -0.0528 15.9808 9.0768 
-9.6 446.51 22.435 -0.0232 16.1288 9.3112 
-10.875 446.51 23.74 0.00399998 16.2408 9.4904 
-12.105 446.51 25.015 0.028 16.3232 9.6216 
-13.19 446.51 26.2 0.0488 16.3752 9.7016 
-14.18 446.55 27.255 0.0648 16.3992 9.7416 
-15.225 446.75 28.195 0.0752 16.4048 9.7568 
-16.28 446.995 29.035 0.0832 16.4048 9.764 
-17.285 447.31 29.775 0.0904 16.4048 9.764 
-18.175 447.67 30.425 0.0968 16.4048 9.764 
-18.96 448.085 30.98 0.1024 16.4048 9.7616 
-19.695 448.505 31.5 0.1184 16.4048 9.7304 
-20.405 448.925 31.965 0.1448 16.4032 9.6512 
-21.025 449.395 32.35 0.1832 16.3824 9.5144 
-21.585 449.995 32.665 0.2192 16.3424 9.3184 
-22.105 450.58 33.005 0.2584 16.2688 9.0872 
-22.56 451.065 33.44 0.3056 16.1552 8.8536 
-23.035 451.495 33.975 0.3608 16.0008 8.6192 
-23.5 451.92 34.46 0.4328 15.8312 8.392 
-23.955 452.4 35 0.5248 15.6384 8.1776 
-24.385 452.87 35.525 0.6248 15.4064 7.9384 
-24.715 453.255 35.97 0.7328 15.1256 7.6416 
-24.985 453.555 36.375 0.8528 14.7968 7.304 
-25.21 453.82 36.69 0.9576 14.4224 6.924 
-25.45 454.005 36.985 1.0776 13.9952 6.5032 
-25.64 454.135 37.23 1.1984 13.524 6.0512 
-25.755 454.215 37.46 1.324 13.0056 5.5464 
-25.87 454.245 37.695 1.456 12.4392 5.0248 
-25.98 454.25 37.92 1.5976 11.8344 4.4984 
-26.065 454.25 38.12 1.7408 11.2016 3.9688 
-26.13 454.25 38.3 1.8928 10.5304 3.46 
-26.145 454.25 38.42 2.0576 9.8128 2.9656 
-26.15 454.25 38.47 2.2184 9.0712 2.516 
-26.15 454.25 38.48 2.3696 8.3032 2.0824 
-26.15 454.25 38.48 2.5104 7.5112 1.6568 
-26.15 454.25 38.48 2.6432 6.72 1.252 
-26.15 454.25 38.48 2.7856 5.9208 0.923998 
-26.15 454.25 38.48 2.9392 5.096 0.657598 
-26.15 454.25 38.48 3.104 4.2624 0.411999 
-26.15 454.25 38.48 3.272 3.4264 0.192799 
-26.15 454.25 38.48 3.4248 2.5896 -0.00800149 
-26.15 454.25 38.475 3.564 1.744 -0.197601 
-26.15 454.25 38.47 3.7184 0.883198 -0.352001 
-26.15 454.25 38.46 3.8688 0.0207978 -0.469601 
-26.145 454.25 38.435 4.0272 -0.857602 -0.540002 
-26.115 454.25 38.395 4.1864 -1.7472 -0.577601 
-26.025 454.25 38.3 4.3376 -2.6288 -0.588802 
-25.855 454.25 38.145 4.4808 -3.5032 -0.588802 
-25.605 454.25 37.91 4.6072 -4.352 -0.588802 
-25.305 454.25 37.625 4.7216 -5.1752 -0.588802 
-24.93 454.25 37.26 4.816 -5.9616 -0.588802 
-24.51 454.25 36.85 4.888 -6.7 -0.588802 
-24.02 454.25 36.385 4.9488 -7.4088 -0.588802 
-23.445 454.25 35.89 5.0088 -8.0952 -0.588802 
-22.805 454.205 35.315 5.0712 -8.7704 -0.588802 
-22.14 454.125 34.695 5.1296 -9.4296 -0.562402 
-21.465 454.065 33.99 5.1712 -10.0664 -0.520802 
-20.69 454.025 33.105 5.184 -10.6816 -0.460802 
-19.785 453.985 32.125 5.184 -11.276 -0.395202 
-18.775 453.93 31.05 5.184 -11.8504 -0.320802 
-17.735 453.845 29.93 5.184 -12.4096 -0.250402 
-16.695 453.62 28.605 5.184 -12.9536 -0.172002 
-15.565 453.265 27.135 5.184 -13.4936 -0.0904015 
-14.41 452.775 25.505 5.184 -14.0232 -0.00640153 
-13.245 452.29 23.75 5.184 -14.5296 0.0879985 
-12.1 451.85 21.92 5.184 -15.0264 0.216798 
-11.05 451.385 20.13 5.184 -15.5032 0.364798 
-9.905 450.83 18.24 5.184 -15.9552 0.523998 
-8.7 450.235 16.31 5.184 -16.3624 0.659998 
-7.37 449.65 14.215 5.176 -16.724 0.776798 
-6.005 449.075 12.045 5.1504 -17.06 0.882398 
-4.64 448.425 9.79499 5.1208 -17.3664 0.974398 
-3.2 447.65 7.38999 5.0864 -17.6696 1.0712 
-1.805 446.8 4.93999 5.0592 -17.9856 1.1952 
-0.445001 446.005 2.45499 5.0312 -18.3056 1.3352 
0.984999 445.125 -0.085006 5.0056 -18.6216 1.4744 
2.495 444.17 -2.60501 4.9856 -18.9296 1.6128 
3.975 443.19 -5.04501 4.9704 -19.2256 1.7488 
5.41 442.145 -7.44001 4.9536 -19.5056 1.8768 
6.82 441.14 -9.79501 4.9304 -19.7648 1.992 
8.14 440.205 -12.245 4.892 -20.0056 2.1112 
9.395 439.3 -14.775 4.8384 -20.2352 2.2312 
10.565 438.445 -17.38 4.764 -20.4416 2.3512 
11.59 437.715 -19.915 4.6728 -20.6232 2.4632 
12.37 437.035 -22.37 4.5608 -20.772 2.5672 
12.95 436.44 -24.73 4.4432 -20.8952 2.6592 
13.245 435.835 -27.06 4.3224 -20.9952 2.7424 
13.31 435.255 -29.345 4.192 -21.076 2.8208 
13.31 434.675 -31.63 4.0504 -21.1312 2.8872 
13.31 434.09 -33.66 3.912 -21.1624 2.956 
13.31 433.59 -35.46 3.76 -21.1704 3.0424 
13.31 433.165 -37.105 3.5928 -21.1704 3.1448 
13.305 432.79 -38.675 3.4168 -21.1704 3.2696 
13.09 432.48 -40.115 3.2368 -21.1704 3.42 
12.61 432.225 -41.48 3.0568 -21.1704 3.6024 
11.935 432.065 -42.76 2.88 -21.1704 3.7928 
11.165 431.935 -43.93 2.7056 -21.1704 3.9848 
10.325 431.78 -44.95 2.5496 -21.1704 4.1664 
9.385 431.7 -45.875 2.4048 -21.1704 4.3536 
8.23 431.7 -46.79 2.2568 -21.1704 4.5648 
6.705 431.7 -47.725 2.1104 -21.1704 4.8176 
5 431.7 -48.535 1.9824 -21.1704 5.0968 
3.24 431.7 -49.29 1.8624 -21.1704 5.3744 
1.29 431.7 -49.96 1.7728 -21.1704 5.6272 
-0.920002 431.7 -50.55 1.712 -21.1704 5.864 
-3.2 431.7 -51.1 1.6656 -21.1704 6.092 
-5.665 431.7 -51.63 1.6296 -21.1704 6.3224 
-8.445 431.7 -52.19 1.5976 -21.1704 6.5488 
-11.425 431.7 -52.745 1.5784 -21.1704 6.7744 
-14.405 431.7 -53.3 1.568 -21.1704 6.9888 
-17.26 431.7 -53.795 1.5656 -21.1704 7.196 
-20.19 431.7 -54.15 1.5656 -21.1704 7.4248 
-23.39 431.7 -54.425 1.5656 -21.1704 7.668 
-26.805 431.7 -54.655 1.5656 -21.1704 7.9112 
-30.22 431.7 -54.845 1.5656 -21.1704 8.1472 
-33.57 431.7 -55.015 1.5656 -21.1704 8.372 
-36.73 431.7 -55.11 1.5656 -21.1704 8.6008 
-39.645 431.7 -55.2 1.5656 -21.1704 8.8256 
-42.53 431.7 -55.255 1.5656 -21.1704 9.0544 
-45.535 431.7 -55.31 1.5656 -21.1704 9.2976 
-48.575 431.7 -55.475 1.5656 -21.1704 9.5664 
-51.385 431.7 -55.805 1.5656 -21.1696 9.8472 
-54.095 431.7 -56.285 1.5656 -21.14 10.1096 
-56.805 431.7 -56.98 1.5656 -21.0768 10.3688 
-59.07 431.7 -57.725 1.5536 -20.9816 10.6264 
-60.805 431.7 -58.475 1.5248 -20.8488 10.8472 
-62.315 431.7 -59.205 1.4832 -20.6896 11.0368 
-63.655 431.7 -59.98 1.4232 -20.4816 11.2176 
-64.935 431.7 -60.815 1.3528 -20.248 11.388 
-65.865 431.7 -61.705 1.256 -19.9768 11.5384 
-66.665 431.7 -62.69 1.1344 -19.6624 11.6728 
-67.425 431.7 -63.77 0.98 -19.2944 11.8224 
-68.01 431.7 -64.75 0.8048 -18.864 11.9808 
-68.46 431.7 -65.65 0.6168 -18.3736 12.132 
-68.795 431.63 -66.645 0.4008 -17.7984 12.2624 
-68.965 431.555 -67.745 0.1528 -17.1608 12.3584 
-69.015 431.515 -68.94 -0.1368 -16.48 12.4272 
-69.08 431.51 -70.215 -0.4504 -15.784 12.4824 
-69.16 431.51 -71.58 -0.7816 -15.0944 12.5376 
-69.16 431.51 -73.03 -1.1352 -14.4048 12.576 
-69.16 431.51 -74.525 -1.5184 -13.7184 12.5904 
-69.16 431.48 -76.11 -1.9224 -13.0272 12.5904 
-69.16 431.45 -77.79 -2.3496 -12.3192 12.5904 
-69.16 431.39 -79.47 -2.7864 -11.604 12.5904 
-69.115 431.29 -81.2 -3.2184 -10.8896 12.5904 
-68.97 431.19 -82.935 -3.6536 -10.18 12.5904 
-68.695 431 -84.685 -4.0832 -9.49681 12.5904 
-68.405 430.695 -86.425 -4.4992 -8.84161 12.5904 
-68.06 430.335 -88.105 -4.8976 -8.21601 12.5904 
-67.575 429.99 -89.76 -5.3008 -7.60321 12.5832 
-66.955 429.645 -91.395 -5.6992 -6.99601 12.5528 
-66.31 429.335 -92.925 -6.088 -6.39601 12.5192 
-65.635 429.085 -94.375 -6.4832 -5.80401 12.4856 
-64.915 428.83 -95.655 -6.8624 -5.23041 12.4848 
-64.085 428.54 -96.8 -7.2296 -4.67841 12.4848 
-63.105 428.17 -97.955 -7.596 -4.13121 12.4848 
-61.975 427.75 -99.1 -7.9616 -3.60161 12.4848 
-60.74 427.25 -100.06 -8.3128 -3.10721 12.4848 
-59.41 426.655 -100.795 -8.6456 -2.65921 12.4848 
-58.125 426.12 -101.375 -8.96 -2.24481 12.4848 
-56.895 425.61 -101.885 -9.2632 -1.84881 12.4848 
-55.475 425.105 -102.35 -9.5528 -1.48321 12.4848 
-54.045 424.56 -102.69 -9.8152 -1.15121 12.4848 
-52.525 423.915 -102.9 -10.0584 -0.845607 12.4848 
-50.865 423.19 -102.96 -10.2816 -0.559207 12.4848 
-49.16 422.46 -102.96 -10.4944 -0.292007 12.4848 
-47.39 421.75 -102.96 -10.6944 -0.0416067 12.4848 
-45.65 421.075 -102.96 -10.8632 0.181593 12.4848 
-43.795 420.4 -102.96 -11.0184 0.379993 12.4848 
-41.745 419.6 -102.96 -11.148 0.554393 12.4848 
-39.465 418.665 -102.96 -11.2576 0.701593 12.4848 
-36.97 417.57 -102.96 -11.3504 0.831993 12.4848 
-34.605 416.48 -102.89 -11.4208 0.943993 12.4848 
-32.335 415.495 -102.725 -11.4832 1.04239 12.4848 
-29.895 414.55 -102.47 -11.5408 1.13519 12.4848 
-27.32 413.62 -102.125 -11.5912 1.21759 12.4848 
-24.545 412.7 -101.665 -11.6376 1.29679 12.4848 
-21.165 411.605 -100.95 -11.676 1.36559 12.4848 
-17.64 410.4 -99.985 -11.7048 1.42319 12.4848 
-13.93 409.19 -98.815 -11.7248 1.47279 12.4848 
-9.995 407.925 -97.47 -11.7376 1.51279 12.4848 
-6.14999 406.69 -96.07 -11.7448 1.54479 12.4848 
-2.39499 405.425 -94.68 -11.7504 1.56959 12.4848 
1.565 404.05 -93.28 -11.756 1.59279 12.4848 
5.52 402.585 -91.835 -11.7584 1.61599 12.4848 
9.2 401.04 -90.315 -11.76 1.64079 12.4848 
12.445 399.465 -88.7 -11.76 1.66799 12.4848 
15.475 397.89 -86.95 -11.76 1.69519 12.4848 
18.355 396.29 -84.94 -11.76 1.71999 12.4792 
21.14 394.675 -82.65 -11.76 1.73919 12.4736 
23.595 393.265 -80.315 -11.76 1.75599 12.4728 
25.605 392.045 -78.03 -11.76 1.77119 12.4728 
27.275 390.845 -75.635 -11.76 1.78799 12.4728 
28.7 389.795 -73.195 -11.7592 1.80719 12.4728 
29.94 389.06 -70.72 -11.7536 1.83359 12.4728 
31 388.59 -68.13 -11.7416 1.86559 12.4728 
31.75 388.38 -65.405 -11.7216 1.90399 12.4728 
32.115 388.375 -62.62 -11.6864 1.94799 12.4728 
32.36 388.375 -59.875 -11.6408 1.99599 12.4728 
32.555 388.375 -57.07 -11.5768 2.05039 12.4712 
32.695 388.375 -54.3 -11.4984 2.10799 12.4664 
32.8 388.375 -51.47 -11.4016 2.16959 12.4568 
32.855 388.375 -48.555 -11.288 2.23519 12.4432 
32.875 388.375 -45.67 -11.1624 2.29759 12.4256 
32.875 388.375 -42.84 -11.0192 2.35679 12.416 
32.875 388.41 -40.175 -10.8488 2.40959 12.416 
32.875 388.665 -37.57 -10.6784 2.46079 12.416 
32.875 389.02 -34.985 -10.508 2.51199 12.4152 
32.875 389.405 -32.455 -10.3312 2.56639 12.4016 
32.875 389.815 -30.03 -10.1424 2.62399 12.3656 
32.875 390.38 -27.72 -9.9512 2.68559 12.296 
32.875 391.01 -25.605 -9.7456 2.74559 12.1984 
32.87 391.635 -23.64 -9.5288 2.79919 12.0632 
32.81 392.235 -21.75 -9.3128 2.84879 11.9184 
32.66 392.86 -19.925 -9.0872 2.89759 11.7368 
32.44 393.54 -18.265 -8.8496 2.94959 11.5088 
32.175 394.25 -16.81 -8.6008 3.00399 11.2376 
31.935 394.93 -15.52 -8.3536 3.06239 10.9328 
31.735 395.645 -14.265 -8.1056 3.11919 10.5992 
31.51 396.355 -13.025 -7.848 3.17199 10.2336 
31.2 397.11 -11.95 -7.5528 3.22399 9.8464 
30.715 397.97 -10.945 -7.2144 3.27119 9.452 
30.19 398.865 -9.94501 -6.876 3.31839 9.0576 
29.68 399.67 -9.00002 -6.516 3.36799 8.6056 
29.185 400.48 -8.08502 -6.1584 3.41439 8.1464 
28.695 401.27 -7.21002 -5.8024 3.46079 7.6792 
28.21 402.05 -6.36502 -5.4488 3.50159 7.204 
27.63 402.82 -5.49502 -5.0872 3.53279 6.756 
26.995 403.59 -4.65002 -4.7392 3.56079 6.32 
26.28 404.38 -3.84502 -4.396 3.57919 5.9056 
25.59 405.195 -3.13002 -4.0616 3.59119 5.4976 
25.005 405.86 -2.52502 -3.7392 3.59439 5.0808 
24.5 406.405 -1.99002 -3.4128 3.59439 4.6472 
23.99 406.885 -1.49002 -3.0776 3.59439 4.1904 
23.46 407.405 -0.990016 -2.744 3.59759 3.7088 
22.91 407.99 -0.505016 -2.4144 3.60079 3.228 
22.355 408.545 -0.0600159 -2.0968 3.60399 2.772 
21.89 409.02 0.294984 -1.7752 3.60719 2.3104 
21.465 409.405 0.579984 -1.4616 3.61039 1.8552 
21.06 409.785 0.829984 -1.1536 3.61359 1.4096 
20.665 410.115 1.05498 -0.844001 3.61999 0.988797 
20.28 410.365 1.25998 -0.546401 3.62319 0.590397 
19.925 410.585 1.40998 -0.264001 3.62639 0.211997 
19.56 410.81 1.49998 0.00799918 3.62719 -0.164003 
19.265 411.03 1.54498 0.265599 3.62719 -0.548003 
18.98 411.145 1.54498 0.519999 3.62719 -0.915203 
18.67 411.16 1.54498 0.775199 3.62719 -1.2456 
18.35 411.16 1.54498 1.0216 3.62719 -1.4896 
18.065 411.16 1.54498 1.2536 3.62719 -1.6792 
17.71 411.16 1.54498 1.4872 3.62719 -1.8264 
17.3 411.16 1.53498 1.7128 3.62719 -1.9304 
16.855 411.16 1.39998 1.9296 3.62719 -1.9912 
16.42 411.155 1.10498 2.1304 3.62719 -2.0376 
15.91 411.15 0.674984 2.3208 3.62719 -2.0416 
15.245 411.06 0.0649842 2.5216 3.62719 -2.0416 
14.39 410.88 -0.690016 2.7328 3.62719 -2.0416 
13.465 410.655 -1.52502 2.9472 3.62719 -2.0416 
12.61 410.29 -2.41502 3.1616 3.62719 -2.0408 
11.94 409.83 -3.37502 3.3688 3.62719 -2.0408 
11.395 409.285 -4.44002 3.5632 3.62719 -2.0408 
10.935 408.685 -5.55502 3.7472 3.62719 -2.0408 
10.515 407.99 -6.73502 3.9248 3.62719 -2.0408 
9.985 407.17 -8.05002 4.0992 3.62719 -2.0408 
9.305 406.35 -9.39002 4.2832 3.62719 -2.0408 
8.52 405.465 -10.78 4.4736 3.62719 -2.0408 
7.765 404.395 -12.3 4.6608 3.62719 -2.0408 
7.195 403.21 -13.945 4.8384 3.62719 -2.0408 
6.77 402.155 -15.605 5.016 3.62719 -2.0408 
6.53 401.275 -17.335 5.1872 3.62719 -2.0408 
6.27 400.37 -19.115 5.3552 3.62719 -2.0408 
5.88 399.31 -20.965 5.5232 3.62719 -2.0408 
5.435 398.22 -22.87 5.6912 3.62719 -2.0408 
5.005 397.15 -24.865 5.8592 3.62719 -2.0408 
4.69 396.05 -27.045 6.0272 3.62719 -2.0408 
4.435 394.795 -29.28 6.2152 3.60959 -2.0408 
4.315 393.385 -31.455 6.4424 3.56719 -2.0408 
4.315 392.325 -33.445 6.6944 3.50079 -2.0408 
4.315 391.515 -35.355 6.9544 3.41199 -2.0336 
4.315 390.775 -37.225 7.236 3.29599 -1.9928 
4.27 390.13 -38.96 7.5544 3.14639 -1.9144 
4.265 389.545 -40.59 7.9016 2.96079 -1.8216 
4.265 388.995 -41.65 8.2608 2.71119 -1.7832 
4.265 388.515 -42.86 8.6432 2.44959 -1.7208 
4.265 388.13 -44.05 9.0592 2.11119 -1.6304 
4.265 387.745 -45.34 9.4784 1.72319 -1.5128 
4.195 387.395 -46.82 9.9504 1.26079 -1.2768 
3.97 387.11 -48.48 10.4448 0.748793 -0.945603 
3.94 386.84 -50.13 10.9344 0.227993 -0.603203 
3.94 386.695 -51.52 11.4424 -0.297607 -0.288003 
3.94 386.555 -52.74 11.9696 -0.821607 0.0183967 
4.085 386.4 -53.655 12.516 -1.37121 0.287997 
4.265 386.23 -54.435 13.072 -1.93361 0.537597 
4.32 386.075 -55.17 13.6792 -2.52641 0.871197 
4.32 385.995 -55.895 14.3608 -3.17681 1.3904 
4.32 385.995 -56.65 15.068 -3.83921 1.996 
4.32 385.995 -57.325 15.7832 -4.46161 2.6064 
4.32 385.995 -57.815 16.4672 -5.01281 3.1616 
4.5 385.995 -58.13 17.144 -5.52001 3.692 
4.75 385.995 -58.34 17.824 -6.01601 4.2264 
5.97 386.455 -58.57 17.824 -6.44081 4.5504 
7.155 386.83 -58.81 17.824 -6.87521 4.832 
8.31 387.23 -59.1 17.824 -7.30321 5.0576 
9.315 387.56 -59.335 17.824 -7.70801 5.2016 
10.025 387.88 -59.47 17.824 -8.10481 5.2704 
10.44 388.03 -59.555 17.808 -8.50241 5.2704 
10.865 388.21 -59.735 17.8024 -8.93121 5.1992 
11.36 388.42 -60.105 17.7992 -9.44081 5.0264 
11.71 388.595 -60.665 17.7544 -10.028 4.7864 
11.87 388.635 -61.35 17.7048 -10.6784 4.5616 
11.87 388.635 -61.655 17.632 -11.2152 4.416 
11.87 388.635 -61.845 17.5736 -11.5984 4.3424 
11.87 388.635 -61.955 17.4992 -11.9008 4.3416 
11.87 388.635 -62.145 17.4048 -12.1688 4.3416 
11.87 388.635 -62.44 17.2784 -12.4232 4.3416 
11.87 388.635 -62.68 17.1824 -12.6408 4.3416 
11.87 388.635 -63 17.0864 -12.8584 4.3416 
11.87 388.59 -63.45 16.9896 -13.1272 4.3392 
11.875 388.315 -63.835 16.9336 -13.3888 4.3392 
11.925 387.965 -64.14 16.8848 -13.6136 4.3392 
12.04 387.585 -64.325 16.8328 -13.7872 4.3392 
12.295 387.125 -64.345 16.7696 -13.8944 4.3672 
12.575 386.445 -64.345 16.6912 -13.976 4.42 
12.82 385.63 -64.345 16.58 -14.04 4.4976 
13.06 384.78 -64.345 16.4448 -14.0848 4.5888 
13.36 383.795 -64.345 16.2888 -14.0984 4.6976 
14.065 383.21 -63.275 15.7128 -13.7664 4.7432 
14.76 382.995 -62.26 15.0728 -13.3336 4.7432 
15.495 382.865 -61.17 14.4488 -12.8888 4.7432 
16.35 382.865 -60.015 13.8008 -12.4424 4.7432 
17.22 382.865 -58.925 13.1432 -11.9984 4.732 
17.94 382.865 -58.025 12.4712 -11.5552 4.7104 
18.63 382.88 -57.195 11.8056 -11.1168 4.6928 
19.215 382.995 -56.405 11.1368 -10.6856 4.6608 
19.715 383.345 -55.535 10.4584 -10.26 4.5936 
20.34 383.985 -54.54 9.8 -9.8296 4.4744 
21.155 384.95 -53.435 9.1544 -9.4016 4.2744 
22.075 386.07 -52.385 8.5 -8.9736 3.9432 
23.04 387.25 -51.435 7.8344 -8.5464 3.52 
23.955 388.41 -50.46 7.1936 -8.1312 3.0944 
24.87 389.69 -49.4 6.56 -7.7256 2.6704 
25.715 390.99 -48.275 5.9432 -7.3296 2.2784 
26.53 392.165 -47.13 5.3648 -6.9544 1.9512 
27.22 393.17 -46.07 4.8216 -6.5944 1.6808 
27.93 394.065 -45.11 4.3064 -6.2392 1.4456 
28.765 394.94 -44.085 3.8192 -5.8832 1.2272 
29.61 395.65 -43.05 3.3544 -5.5288 1.0184 
30.265 396.22 -42.08 2.8976 -5.1664 0.823197 
30.855 396.775 -41.155 2.456 -4.7904 0.644797 
31.365 397.31 -40.315 2.0144 -4.4048 0.484797 
31.83 397.87 -39.46 1.5936 -4.0144 0.347997 
32.215 398.375 -38.585 1.1728 -3.6096 0.213597 
32.545 398.76 -37.725 0.749597 -3.1952 0.0719966 
32.85 399.02 -36.925 0.343997 -2.7808 -0.0304034 
33.155 399.2 -36.185 -0.0344028 -2.372 -0.0672034 
33.375 399.37 -35.525 -0.388803 -1.9704 -0.0672034 
33.52 399.57 -34.93 -0.726403 -1.5768 -0.0672034 
33.53 399.69 -34.445 -1.0552 -1.1896 -0.0672034 
33.53 399.735 -34.1 -1.3776 -0.800003 -0.0672034 
33.53 399.805 -33.82 -1.6904 -0.408803 -0.0440034 
33.53 399.88 -33.575 -1.9912 -0.0128029 0.00559656 
33.53 399.935 -33.455 -2.2728 0.393597 0.103197 
33.53 399.94 -33.43 -2.528 0.814397 0.301597 
33.53 399.95 -33.425 -2.7808 1.2584 0.585597 
33.53 399.95 -33.425 -3.024 1.7336 0.967197 
33.53 399.95 -33.425 -3.26 2.2224 1.3736 
33.53 399.95 -33.415 -3.4792 2.7424 1.8328 
33.53 399.95 -33.395 -3.6864 3.2904 2.3808 
33.52 399.95 -33.38 -3.8816 3.8472 3.0064 
33.43 399.95 -33.365 -4.0488 4.404 3.7152 
33.275 399.95 -33.345 -4.1992 4.9528 4.4712 
33.15 399.95 -33.34 -4.312 5.4896 5.2368 
33.07 399.95 -33.335 -4.4104 6.0296 6.0176 
32.95 399.95 -33.335 -4.492 6.5808 6.8544 
32.77 399.95 -33.325 -4.5544 7.1288 7.716 
32.51 399.95 -33.305 -4.5968 7.652 8.5656 
32.16 399.95 -33.235 -4.6192 8.1232 9.3104 
31.795 399.95 -33.14 -4.6408 8.5608 9.9568 
31.495 399.95 -33.01 -4.6504 8.9184 10.3872 
31.245 399.95 -32.81 -4.6504 9.1792 10.6136 
31 399.95 -32.585 -4.6504 9.3848 10.74 
30.7 399.95 -32.34 -4.6504 9.5424 10.8016 
30.275 399.95 -32.075 -4.6504 9.6704 10.8272 
29.775 399.95 -31.765 -4.6504 9.7808 10.8272 
29.35 399.95 -31.47 -4.652 9.8808 10.8272 
29.005 400.07 -31.155 -4.664 9.972 10.8136 
28.6 400.375 -30.755 -4.6688 10.0616 10.7616 
28.105 400.775 -30.205 -4.6688 10.144 10.696 
27.48 401.345 -29.485 -4.6688 10.2144 10.6184 
26.73 402.055 -28.66 -4.6688 10.2752 10.5352 
25.93 402.87 -27.795 -4.6688 10.3328 10.4488 
25.08 403.805 -26.82 -4.6688 10.3856 10.336 
24.18 404.89 -25.78 -4.6688 10.4344 10.1984 
23.295 406.175 -24.69 -4.6688 10.4776 10.0472 
22.475 407.675 -23.58 -4.6688 10.5168 9.8792 
21.725 409.28 -22.495 -4.6688 10.5424 9.6968 
20.99 411.005 -21.405 -4.6688 10.5424 9.5064 
20.14 412.73 -20.305 -4.6688 10.5424 9.3088 
19.345 414.29 -19.19 -4.6688 10.5424 9.08 
18.735 415.79 -18.12 -4.6688 10.5424 8.8184 
18.315 417.375 -17.03 -4.6688 10.5424 8.5224 
17.875 419.005 -15.925 -4.6688 10.5424 8.2024 
17.35 420.745 -14.845 -4.6688 10.5424 7.8944 
16.82 422.57 -13.855 -4.6688 10.5424 7.5984 
16.295 424.26 -12.985 -4.664 10.5424 7.2984 
15.82 425.83 -12.25 -4.6328 10.5424 6.9936 
15.485 427.315 -11.64 -4.5936 10.5392 6.6632 
15.27 428.665 -11.125 -4.5472 10.516 6.3024 
15.065 429.87 -10.63 -4.4656 10.4616 5.888 
14.87 430.94 -10.22 -4.3328 10.3864 5.4192 
14.69 432.005 -9.85001 -4.168 10.2824 4.8856 
14.595 433 -9.51501 -3.9768 10.1512 4.296 
14.595 433.685 -9.21001 -3.7416 9.9744 3.616 
14.595 434.12 -8.95001 -3.476 9.7552 2.8768 
14.595 434.52 -8.73501 -3.1992 9.4928 2.1232 
14.595 434.94 -8.59501 -2.9328 9.208 1.368 
14.595 435.29 -8.52501 -2.6664 8.92 0.643196 
14.595 435.52 -8.50501 -2.368 8.6288 -0.0368038 
14.595 435.69 -8.50001 -2.0264 8.3184 -0.699204 
14.595 435.815 -8.49501 -1.6592 7.9728 -1.3584 
14.6 435.92 -8.48501 -1.2752 7.5704 -2.0704 
14.62 435.965 -8.47501 -0.866403 7.104 -2.8344 
14.675 435.98 -8.47001 -0.431203 6.5736 -3.6576 
14.765 435.98 -8.47001 0.022397 5.972 -4.568 
14.84 435.98 -8.47001 0.483997 5.34 -5.4864 
14.91 435.98 -8.47001 0.935197 4.6816 -6.3768 
14.98 435.98 -8.47001 1.3912 4.004 -7.2192 
15.06 435.98 -8.47001 1.864 3.3192 -8.0136 
15.165 435.98 -8.47001 2.3624 2.6288 -8.7984 
15.26 435.98 -8.47001 2.8768 1.9304 -9.5616 
15.35 435.98 -8.47001 3.396 1.2152 -10.3088 
15.44 435.98 -8.47001 3.9176 0.489599 -11.0344 
15.545 435.98 -8.47001 4.4528 -0.253601 -11.7408 
15.65 435.98 -8.47001 4.9776 -1.0096 -12.42 
15.745 435.98 -8.47001 5.5064 -1.7728 -13.0536 
15.835 435.98 -8.47001 6.0464 -2.5456 -13.6536 
15.93 435.98 -8.47001 6.5904 -3.3448 -14.2544 
16.04 435.98 -8.47001 7.1336 -4.1664 -14.8632 
16.16 435.975 -8.47001 7.6672 -5.0016 -15.4456 
16.285 435.97 -8.47001 8.1944 -5.8376 -16.0096 
16.455 435.95 -8.47001 8.7032 -6.6664 -16.5304 
16.59 435.945 -8.47001 9.1704 -7.4864 -16.9896 
16.7 435.94 -8.47001 9.5872 -8.2744 -17.4104 
16.81 435.92 -8.47001 9.976 -9.0552 -17.7952 
16.99 435.885 -8.47001 10.3288 -9.8312 -18.1888 
17.2 435.84 -8.47001 10.6368 -10.5984 -18.5784 
17.42 435.795 -8.47001 10.9016 -11.3616 -18.9568 
17.605 435.755 -8.47001 11.1192 -12.0984 -19.2664 
17.83 435.69 -8.47001 11.3 -12.8208 -19.4992 
18.035 435.62 -8.47001 11.4664 -13.5152 -19.672 
18.24 435.545 -8.47001 11.6016 -14.1696 -19.8136 
18.465 435.48 -8.47001 11.6944 -14.7856 -19.9416 
18.7 435.42 -8.47001 11.7568 -15.3664 -20.0504 
18.95 435.385 -8.47001 11.76 -15.9264 -20.136 
19.17 435.35 -8.47001 11.76 -16.4696 -20.2024 
19.38 435.33 -8.47001 11.76 -16.9856 -20.2352 
19.6 435.33 -8.47001 11.7224 -17.4632 -20.2352 
19.84 435.33 -8.47001 11.636 -17.9072 -20.2352 
20.05 435.33 -8.47001 11.524 -18.3232 -20.2352 
20.26 435.325 -8.47001 11.3928 -18.7128 -20.2352 
20.47 435.31 -8.47001 11.2344 -19.0952 -20.2352 
20.64 435.28 -8.47001 11.0488 -19.484 -20.224 
20.715 435.24 -8.47001 10.8464 -19.8696 -20.1936 
20.77 435.17 -8.47001 10.6368 -20.2296 -20.1528 
20.82 435.11 -8.47001 10.4112 -20.564 -20.1048 
20.885 435.05 -8.47001 10.16 -20.8904 -20.0696 
20.965 434.94 -8.47001 9.8984 -21.1944 -20.0504 
21.105 434.745 -8.47001 9.6392 -21.4872 -20.0368 
21.195 434.515 -8.47001 9.3752 -21.7752 -20.0128 
21.275 434.305 -8.47001 9.1056 -22.0448 -19.9816 
21.305 434.15 -8.47001 8.8096 -22.2992 -19.9368 
21.345 434.01 -8.47001 8.51439 -22.5224 -19.8848 
21.44 433.835 -8.47001 8.20959 -22.7328 -19.8408 
21.57 433.625 -8.47001 7.88799 -22.9376 -19.7992 
21.735 433.315 -8.47001 7.55199 -23.14 -19.7544 
21.92 432.965 -8.47001 7.2 -23.34 -19.6848 
22.13 432.635 -8.47001 6.83439 -23.5256 -19.6008 
22.365 432.265 -8.47001 6.44879 -23.7096 -19.5072 
22.675 431.765 -8.47001 6.04719 -23.8776 -19.4296 
23.095 431.21 -8.47001 5.6288 -24.0272 -19.3576 
23.495 430.685 -8.47001 5.1712 -24.1736 -19.2768 
23.74 430.155 -8.39501 4.6688 -24.3312 -19.1872 
23.955 429.53 -8.28001 4.1408 -24.5048 -19.1016 
24.22 428.835 -8.17501 3.5976 -24.6864 -19.028 
24.495 428.185 -8.07501 3.0152 -24.8688 -18.9616 
24.76 427.48 -8.03001 2.4296 -25.0256 -18.9264 
25.06 426.685 -8.01501 1.836 -25.1672 -18.9008 
25.41 425.845 -7.94501 1.2592 -25.3008 -18.8728 
25.765 424.9 -7.81501 0.692795 -25.4304 -18.8448 
26.125 423.865 -7.54001 0.114395 -25.5736 -18.8168 
26.525 422.77 -7.05501 -0.548804 -25.7584 -18.8 
26.975 421.66 -6.45501 -1.2776 -25.9784 -18.7992 
27.395 420.5 -5.77501 -2.0392 -26.224 -18.7992 
27.72 419.32 -5.11501 -2.8152 -26.4864 -18.7992 
28.07 418.12 -4.53001 -3.5856 -26.748 -18.7992 
28.595 416.93 -3.95501 -4.3096 -27 -18.7992 
29.13 415.73 -3.43001 -4.9664 -27.236 -18.792 
29.635 414.535 -3.00501 -5.5464 -27.4448 -18.76 
30.015 413.32 -2.67501 -6.008 -27.5944 -18.6936 
30.34 412.12 -2.41001 -6.4208 -27.7096 -18.6112 
30.64 411.04 -2.14501 -6.7848 -27.7904 -18.5096 
30.84 410.035 -1.91001 -7.1272 -27.8288 -18.3952 
30.92 409.05 -1.76001 -7.44 -27.8288 -18.2848 
30.955 408.01 -1.59501 -7.7272 -27.8288 -18.1704 
30.995 406.95 -1.28501 -7.9904 -27.7824 -18.0592 
31.02 405.89 -0.880006 -8.2528 -27.6936 -17.9464 
31.02 404.965 -0.370006 -8.5096 -27.5592 -17.8168 
31.02 404.185 0.184994 -8.7704 -27.396 -17.7 
31.02 403.51 0.794994 -9.0264 -27.1872 -17.5976 
31.1 402.89 1.44499 -9.2912 -26.9064 -17.516 
31.235 402.345 2.16499 -9.5608 -26.5448 -17.46 
31.385 401.815 3.04999 -9.8392 -26.1112 -17.4336 
31.425 401.34 4.07499 -10.112 -25.624 -17.4184 
31.425 401.03 5.13499 -10.3912 -25.104 -17.4184 
31.475 400.765 6.24499 -10.6808 -24.5624 -17.4184 
31.55 400.56 7.36999 -10.9656 -24.008 -17.4176 
31.55 400.43 8.42499 -11.2488 -23.4448 -17.392 
31.55 400.405 9.49499 -11.5408 -22.8552 -17.3624 
31.55 400.405 10.585 -11.832 -22.2464 -17.3392 
31.55 400.405 11.755 -12.1248 -21.608 -17.3352 
31.55 400.405 13.01 -12.4176 -20.9488 -17.3352 
31.55 400.405 14.305 -12.7224 -20.2816 -17.3352 
31.55 400.405 15.645 -13.0408 -19.6216 -17.3352 
31.55 400.405 16.94 -13.3608 -18.9712 -17.3352 
31.62 400.87 17.825 -13.6112 -18.4392 -17.3352 
31.84 401.4 18.7 -13.8424 -17.9624 -17.3352 
32.065 402.125 19.66 -14.0536 -17.5464 -17.3352 
32.145 403 20.7 -14.2368 -17.2016 -17.3352 
32.145 404.12 21.69 -14.3984 -16.896 -17.3352 
32.145 405.445 22.695 -14.5448 -16.6016 -17.3352 
32.145 406.99 23.635 -14.6736 -16.3184 -17.3352 
32.145 408.7 24.475 -14.792 -16.0336 -17.3352 
32.145 410.295 25.205 -14.9008 -15.7512 -17.3352 
32.145 411.915 25.935 -15.0048 -15.4624 -17.3352 
32.195 413.965 26.85 -15.0952 -15.188 -17.3352 
32.23 416.085 27.845 -15.1664 -14.9384 -17.3352 
32.23 418.52 28.91 -15.2312 -14.7072 -17.3352 
32.23 421.46 29.92 -15.3016 -14.4648 -17.3352 
32.23 424.765 30.84 -15.368 -14.1904 -17.3352 
32.23 428.16 31.755 -15.4232 -13.8832 -17.3352 
32.23 431.365 32.61 -15.4656 -13.5408 -17.3352 
32.23 434.42 33.45 -15.4912 -13.1824 -17.3352 
32.23 437.71 34.275 -15.5112 -12.8328 -17.3352 
32.23 441.02 35.045 -15.524 -12.5 -17.3352 
32.23 444.165 35.725 -15.5296 -12.176 -17.3352 
32.23 447.01 36.36 -15.5296 -11.872 -17.3352 
32.23 449.565 36.95 -15.5296 -11.58 -17.3352 
32.23 450.035 37.185 -15.4608 -11.3352 -17.2912 
32.23 450.11 37.22 -15.3056 -11.064 -17.16 
32.23 450.025 37.25 -14.8816 -10.756 -17.0256 
32.23 449.885 37.305 -14.4152 -10.4456 -16.884 
32.23 449.715 37.375 -13.9144 -10.124 -16.7264 
32.23 449.525 37.41 -13.3904 -9.79521 -16.576 
32.245 449.24 37.42 -12.8344 -9.46 -16.4328 
32.3 448.895 37.42 -12.2384 -9.1256 -16.3104 
32.335 448.475 37.42 -11.632 -8.7976 -16.2136 
32.385 448.01 37.425 -10.9928 -8.4744 -16.1224 
32.39 447.445 37.43 -10.312 -8.148 -16.0296 
32.395 446.85 37.43 -9.60561 -7.8168 -15.9456 
32.4 446.345 37.43 -8.90881 -7.484 -15.8656 
32.43 445.78 37.43 -8.20081 -7.1416 -15.8056 
32.545 445.18 37.43 -7.47361 -6.7848 -15.7448 
32.705 444.675 37.43 -6.70321 -6.428 -15.6832 
32.74 444.24 37.43 -5.91281 -6.0832 -15.5992 
32.74 443.895 37.43 -5.09441 -5.7456 -15.4888 
32.74 443.525 37.43 -4.26081 -5.4168 -15.3776 
32.825 443.185 37.435 -3.42481 -5.0928 -15.3 
33.02 442.79 37.445 -2.59441 -4.7616 -15.2592 
33.26 442.305 37.475 -1.76561 -4.4352 -15.2408 
33.455 441.815 37.54 -0.932806 -4.1192 -15.2072 
33.61 441.29 37.63 -0.0712057 -3.8072 -15.1472 
33.705 440.79 37.725 0.791194 -3.4984 -15.0616 
33.795 440.26 37.825 1.66639 -3.1952 -14.9376 
33.96 439.72 37.9 2.54079 -2.9 -14.8024 
34.195 439.08 37.97 3.40799 -2.6168 -14.6608 
34.39 438.415 38.06 4.27439 -2.3448 -14.508 
34.525 437.675 38.195 5.13439 -2.0848 -14.3368 
34.605 436.975 38.305 5.99599 -1.828 -14.1512 
34.695 436.245 38.405 6.87679 -1.5728 -13.9488 
34.86 435.505 38.49 7.75039 -1.3184 -13.7544 
35.035 434.645 38.58 8.63039 -1.0632 -13.5592 
35.19 433.715 38.695 9.52319 -0.803204 -13.3592 
35.27 432.775 38.785 10.4072 -0.540004 -13.1448 
35.27 431.87 38.895 11.2888 -0.280004 -12.8992 
35.27 430.835 39.01 12.1632 -0.0232043 -12.624 
35.27 429.66 39.11 13.036 0.232796 -12.3568 
35.27 428.445 39.21 13.9088 0.492796 -12.0928 
35.275 427.29 39.285 14.7552 0.757596 -11.82 
35.315 426.155 39.385 15.5752 1.02 -11.5352 
35.32 424.85 39.575 16.3648 1.276 -11.2312 
35.32 423.32 39.975 17.0832 1.5096 -10.9192 
35.32 421.71 40.455 17.7232 1.728 -10.6088 
35.32 420.065 41.01 18.2968 1.9304 -10.2672 
35.32 418.135 41.71 18.752 2.1144 -9.92081 
35.32 416.065 42.495 19.1024 2.2928 -9.56161 
35.32 413.84 43.305 19.3544 2.4664 -9.16481 
35.32 411.505 44.145 19.5296 2.6384 -8.71921 
35.32 409.01 45.005 19.6184 2.8128 -8.23281 
35.32 406.385 45.83 19.6184 2.996 -7.69761 
35.32 403.6 46.785 19.6184 3.184 -7.12161 
35.32 400.685 47.81 19.6088 3.38 -6.53441 
35.32 397.63 48.97 19.5208 3.5872 -5.91601 
35.32 394.525 50.215 19.372 3.7984 -5.28001 
35.32 391.155 51.605 19.176 4.0176 -4.64641 
35.32 387.72 53.025 18.9304 4.2432 -4.00801 
35.32 387.355 53.815 18.3512 4.624 -3.56001 
35.32 387.355 54.35 17.7968 5.0168 -3.13921 
32.435 387.815 52.915 17.2288 5.1088 -2.20401 
29.48 388.355 51.565 16.6904 5.16 -1.30001 
26.36 388.865 50.21 16.1656 5.172 -0.439209 
23.33 389.33 48.87 15.6672 5.172 0.375991 
20.43 389.79 47.49 15.1768 5.172 1.19519 
17.59 390.25 46.025 14.7256 5.172 1.98239 
15.025 390.595 44.375 14.3104 5.172 2.67199 
12.805 390.7 42.805 13.9464 5.172 3.20959 
11.12 390.7 41.415 13.592 5.1504 3.67199 
9.68501 390.7 40.215 13.2384 5.1104 4.13039 
8.38001 390.7 39.28 12.8784 5.0328 4.59599 
7.11001 390.7 38.55 12.5352 4.9168 5.02719 
5.81001 390.7 37.93 12.1648 4.776 5.47599 
4.71001 390.7 37.36 11.7784 4.6168 5.98879 
3.74501 390.7 36.83 11.384 4.456 6.55679 
2.79501 390.7 36.235 10.9888 4.3048 7.13279 
1.94001 390.605 35.635 10.6176 4.172 7.76239 
0.925007 390.41 35.08 10.248 4.06 8.44959 
-0.104993 390.14 34.505 9.872 3.9792 9.15119 
-1.06499 389.75 33.92 9.5088 3.8976 9.87039 
-2.05499 389.305 33.31 9.1328 3.8088 10.5936 
-3.01499 388.74 32.695 8.7648 3.7144 11.2736 
-3.85999 388.005 32.12 8.4304 3.6256 11.7328 
-4.80999 387.545 31.475 8.1072 3.516 12.0064 
-5.70499 386.995 30.775 7.7904 3.4032 12.208 
-6.44499 386.41 30.06 7.476 3.2912 12.3528 
-7.08499 385.86 29.395 7.1584 3.1808 12.4528 
-7.69999 385.39 28.735 6.82 3.0688 12.5344 
-8.35999 384.97 28.1 6.4784 2.9512 12.6032 
-9.07499 384.555 27.45 6.1368 2.8264 12.6544 
-9.75999 384.195 26.715 5.8088 2.7032 12.6872 
-10.255 383.925 25.905 5.516 2.596 12.6872 
-10.685 383.675 25.03 5.228 2.4968 12.6872 
-11.105 383.435 24.145 4.956 2.4024 12.6872 
-11.535 383.21 23.29 4.7088 2.3088 12.6872 
-12.02 382.975 22.39 4.4832 2.2048 12.6872 
-12.56 382.78 21.395 4.2776 2.0896 12.6872 
-13.105 382.665 20.205 4.0728 1.956 12.6872 
-13.59 382.62 18.77 3.864 1.8192 12.6872 
-13.88 382.55 17.235 3.7072 1.696 12.6648 
-14.11 382.52 15.775 3.5648 1.5752 12.6216 
-14.335 382.52 14.55 3.4464 1.4584 12.5672 
-14.615 382.495 13.51 3.3384 1.3416 12.508 
-14.92 382.46 12.595 3.2336 1.2216 12.4384 
-15.18 382.435 11.655 3.1256 1.0944 12.3552 
-15.31 382.435 10.635 3.0184 0.967996 12.2464 
-15.31 382.385 9.54498 2.9216 0.838396 12.1 
-15.31 382.255 8.44998 2.8408 0.708796 11.9432 
-15.325 382.15 7.48998 2.776 0.576796 11.7936 
-15.46 382.125 6.54498 2.7128 0.444796 11.6616 
-15.565 382.125 5.52998 2.66 0.312796 11.5352 
-15.565 382.125 4.35998 2.616 0.188796 11.4112 
-15.565 382.125 3.12498 2.5712 0.0679957 11.2712 
-15.565 382.1 1.84998 2.524 -0.0624043 11.1104 
-15.565 382 0.654984 2.484 -0.202404 10.9368 
-15.565 381.865 -0.500016 2.4608 -0.343204 10.756 
-15.565 381.77 -1.59502 2.4584 -0.484004 10.576 
-15.565 381.73 -2.74502 2.4584 -0.615204 10.404 
-15.565 381.725 -4.13002 2.4584 -0.749604 10.22 
-15.565 381.665 -5.76502 2.4584 -0.887204 10.02 
-15.565 381.59 -7.52002 2.4584 -1.024 9.82319 
-15.565 381.505 -9.25002 2.4584 -1.152 9.65439 
-15.565 381.49 -10.955 2.4584 -1.2688 9.52239 
-15.58 381.43 -12.615 2.4584 -1.3816 9.40559 
-15.58 381.33 -14.25 2.4584 -1.4888 9.30399 
-15.58 381.16 -15.96 2.4584 -1.5912 9.20959 
-15.58 381.015 -17.74 2.4584 -1.6864 9.11119 
-15.58 380.895 -19.595 2.4584 -1.7752 9.01439 
-15.595 380.76 -21.525 2.4584 -1.8616 8.91839 
-15.595 380.49 -23.415 2.4584 -1.9456 8.81599 
-15.595 380.205 -25.33 2.4584 -2.0272 8.69839 
-15.595 379.95 -27.24 2.4584 -2.1056 8.57679 
-15.595 379.605 -29.185 2.4584 -2.1824 8.45279 
-15.595 379.225 -31.16 2.4584 -2.256 8.32719 
-15.595 378.84 -33.185 2.4584 -2.3296 8.19199 
-15.595 378.54 -35.355 2.4584 -2.3984 8.03839 
-15.595 378.185 -37.64 2.4584 -2.4664 7.86479 
-15.595 377.795 -39.77 2.4992 -2.5384 7.64719 
-11.845 375.46 -34.655 2.848 -2.5384 7.25039 
-8.09499 373.25 -29.75 3.192 -2.5384 6.81599 
-4.36499 371.145 -25.055 3.532 -2.5384 6.35359 
-0.954995 369.25 -20.46 3.8528 -2.5384 5.84959 
2.03001 367.665 -16.005 4.1424 -2.5384 5.30799 
4.8 366.18 -11.705 4.404 -2.5424 4.71119 
7.51 364.79 -7.67502 4.6416 -2.5528 4.04399 
10.335 363.53 -3.89502 4.8448 -2.5672 3.27279 
13.035 362.53 -0.260017 5.0128 -2.5968 2.41279 
15.555 361.85 3.07998 5.1864 -2.624 1.42159 
18.01 361.34 6.36498 5.3256 -2.66 0.348789 
20.3 360.855 9.65998 5.4232 -2.7168 -0.776011 
22.5 360.415 12.955 5.484 -2.7944 -1.90641 
24.715 359.975 16.23 5.528 -2.8824 -2.98241 
26.875 359.535 19.46 5.556 -2.9888 -4.01921 
28.62 359.065 22.7 5.6176 -3.1296 -4.85921 
28.605 359.065 22.7 5.6176 -3.1336 -4.85921 
28.27 359.185 22.7 5.6176 -3.1344 -4.85921 
27.705 359.475 22.7 5.6176 -3.1352 -4.85681 
27.055 359.805 22.6 5.6176 -3.1352 -4.85041 
26.405 360.125 22.44 5.6176 -3.1352 -4.84241 
25.655 360.51 22.2 5.6176 -3.1352 -4.83041 
24.705 361.1 21.885 5.6176 -3.1352 -4.80881 
23.565 362.03 21.505 5.6176 -3.1352 -4.76481 
22.325 363.115 21.05 5.6144 -3.1352 -4.69921 
21.01 364.245 20.515 5.6056 -3.1352 -4.62081 
19.725 365.515 19.895 5.5952 -3.1352 -4.53281 
18.315 366.97 19.195 5.5856 -3.1352 -4.42481 
16.735 368.645 18.445 5.5712 -3.1352 -4.31121 
15.095 370.59 17.685 5.5528 -3.1352 -4.19201 
13.45 372.905 16.87 5.5256 -3.1352 -4.06641 
11.915 375.595 16.01 5.4904 -3.1352 -3.95521 
10.5 378.39 15.125 5.452 -3.1352 -3.85521 
9.27001 381.01 14.25 5.4144 -3.1352 -3.77361 
8.12501 383.33 13.41 5.3888 -3.1352 -3.70321 
7.09501 385.51 12.575 5.3696 -3.1352 -3.62801 
6.17501 387.63 11.725 5.3504 -3.1352 -3.55121 
5.43501 389.27 10.85 5.3408 -3.1352 -3.47681 
4.98001 390.29 10.035 5.3352 -3.1352 -3.41601 
4.74501 390.745 9.46498 5.3352 -3.1352 -3.34001 
4.59501 390.97 9.02498 5.3352 -3.1352 -3.22721 
4.52501 391.045 8.66998 5.3352 -3.1352 -3.07441 
4.50501 391.095 8.29998 5.3352 -3.1352 -2.86721 
4.50501 391.095 7.86498 5.3352 -3.1352 -2.60961 
4.48501 391.095 7.38998 5.3352 -3.1352 -2.32561 
4.48501 391.095 6.82498 5.3352 -3.1352 -2.03361 
4.48501 391.095 6.13498 5.3352 -3.1352 -1.78721 
4.48501 391 5.13998 5.3352 -3.1352 -1.60321 
4.48501 390.925 3.88498 5.3312 -3.1352 -1.44081 
4.48501 390.925 2.29998 5.316 -3.1352 -1.27521 
4.39501 390.925 0.44998 5.2864 -3.1352 -1.08641 
4.27001 390.925 -1.63002 5.2496 -3.1352 -0.883211 
4.19001 390.925 -3.95002 5.2088 -3.1352 -0.676011 
4.14001 390.925 -6.49002 5.1704 -3.1352 -0.472811 
4.03501 390.925 -9.23002 5.136 -3.1352 -0.292811 
3.58001 390.925 -12.085 5.096 -3.1352 -0.121611 
2.99501 390.925 -15.19 5.0496 -3.1352 0.0535891 
2.47001 390.925 -18.565 5.0024 -3.1352 0.207989 
2.11001 390.925 -21.99 4.9584 -3.1352 0.334389 
1.92001 390.925 -25.31 4.9232 -3.1352 0.423989 
1.71501 390.925 -28.535 4.892 -3.1352 0.485589 
1.34501 390.925 -31.77 4.86 -3.1352 0.536789 
0.955006 390.925 -35.04 4.8248 -3.1352 0.583189 
0.640006 390.925 -38.335 4.792 -3.1352 0.626389 
0.340006 390.925 -41.66 4.7592 -3.1352 0.664789 
-0.0149944 390.925 -44.925 4.7296 -3.1352 0.705589 
-0.369994 390.925 -48.285 4.6952 -3.1352 0.750389 
-0.749994 390.925 -51.74 4.668 -3.1352 0.793589 
-1.08999 390.925 -55.16 4.64 -3.1352 0.839989 
-1.40999 390.925 -58.515 4.6136 -3.1352 0.884789 
-1.65499 390.925 -61.835 4.5888 -3.1352 0.948789 
-1.94999 390.925 -65.095 4.5656 -3.1352 1.02079 
-2.17499 390.925 -68.415 4.5456 -3.1352 1.07759 
-2.34499 390.925 -71.7 4.5272 -3.1352 1.12559 
-2.45999 390.925 -74.985 4.5104 -3.1352 1.16479 
-2.56999 390.925 -78.115 4.4984 -3.1352 1.19759 
-2.70999 390.925 -81.005 4.4904 -3.1352 1.22319 
-2.76499 390.785 -83.72 4.4896 -3.1352 1.23519 
-2.78499 390.73 -86.345 4.4888 -3.1352 1.24319 
-2.85499 390.675 -89.055 4.4888 -3.1352 1.25519 
-2.85999 390.605 -91.915 4.4888 -3.1352 1.26159 
-2.85999 390.215 -94.79 4.4888 -3.1352 1.26319 
-2.85999 389.71 -97.56 4.4888 -3.1352 1.26319 
-2.85999 389.165 -100.165 4.4888 -3.1352 1.26319 
-2.85999 388.64 -102.55 4.4888 -3.1352 1.26319 
-2.85999 387.96 -104.675 4.4888 -3.1352 1.26399 
-2.85999 387.045 -106.7 4.4888 -3.1352 1.26479 
-2.85999 385.92 -108.66 4.4904 -3.1352 1.26559 
-2.85999 384.675 -110.52 4.4984 -3.1352 1.26639 
-2.85999 383.455 -112.265 4.5096 -3.1352 1.26639 
-2.85999 382.33 -113.9 4.5208 -3.1352 1.26639 
-2.85999 381.28 -115.435 4.532 -3.1352 1.26639 
-2.85999 380.16 -116.965 4.5432 -3.1352 1.26959 
-2.85999 378.92 -118.41 4.564 -3.1352 1.28559 
-2.85999 377.61 -119.855 4.592 -3.1352 1.31119 
-2.76499 376.775 -119.77 4.596 -3.1352 1.44959 
-1.78999 376.775 -118.705 4.5816 -3.1352 1.48479 
-0.894994 376.775 -117.71 4.5536 -3.1352 1.52959 
0.120005 376.775 -116.73 4.512 -3.1352 1.58879 
1.28501 376.775 -115.715 4.456 -3.1352 1.66079 
2.61001 376.775 -114.575 4.39199 -3.1352 1.73439 
4.14501 376.775 -113.15 4.3176 -3.1352 1.81279 
5.67001 376.775 -111.53 4.232 -3.1352 1.90719 
7.12501 376.775 -109.89 4.1264 -3.1352 2.01919 
8.56501 376.775 -108.235 3.9888 -3.1352 2.14959 
10.17 376.775 -106.535 3.8336 -3.1352 2.28639 
11.92 376.775 -104.585 3.66 -3.1352 2.41359 
13.69 376.775 -102.475 3.4712 -3.1352 2.54399 
15.45 376.775 -100.23 3.2616 -3.1352 2.67359 
17.11 376.775 -97.965 3.0368 -3.1352 2.80159 
18.65 376.775 -95.705 2.812 -3.1352 2.92959 
20.015 376.775 -93.445 2.5912 -3.1352 3.05199 
21.53 376.775 -91.215 2.372 -3.1352 3.15759 
23.265 376.775 -88.905 2.1624 -3.1352 3.25039 
25.01 376.775 -86.445 1.948 -3.1352 3.34799 
26.64 376.775 -83.87 1.7408 -3.1352 3.45599 
27.99 376.775 -81.315 1.52 -3.1352 3.58079 
29.165 376.775 -78.775 1.292 -3.1352 3.71919 
30.275 376.775 -76.2 1.0488 -3.1352 3.86639 
31.48 376.775 -73.6 0.807995 -3.1344 3.99279 
32.66 376.78 -71.035 0.559995 -3.1272 4.10559 
33.78 376.85 -68.51 0.305595 -3.1176 4.20239 
34.71 377.005 -66.05 0.0479951 -3.1104 4.29519 
35.38 377.265 -63.74 -0.214405 -3.1032 4.39599 
35.835 377.515 -61.62 -0.467205 -3.0984 4.48559 
36.295 377.87 -59.615 -0.710405 -3.0936 4.57599 
36.85 378.26 -57.785 -0.951205 -3.0848 4.65759 
37.405 378.625 -56.045 -1.1832 -3.076 4.72879 
37.895 379.145 -54.41 -1.4104 -3.0608 4.78879 
38.35 379.91 -52.94 -1.6392 -3.0368 4.85519 
38.755 380.705 -51.55 -1.86721 -3.004 4.93519 
39.005 381.53 -50.205 -2.08641 -2.9672 5.03199 
39.205 382.525 -48.86 -2.3216 -2.9272 5.14079 
39.365 383.575 -47.5 -2.5616 -2.884 5.25519 
39.54 384.71 -46.135 -2.8016 -2.8368 5.36719 
39.9 386 -44.74 -3.0456 -2.7848 5.47999 
40.305 387.29 -43.285 -3.288 -2.732 5.60239 
40.605 388.52 -41.835 -3.516 -2.6872 5.72239 
40.815 389.74 -40.33 -3.7424 -2.6448 5.84879 
40.95 390.97 -38.79 -3.968 -2.6072 5.97279 
41.135 392.255 -37.17 -4.1952 -2.5696 6.07759 
41.35 393.455 -35.53 -4.4128 -2.5312 6.16719 
41.58 394.605 -33.885 -4.628 -2.4888 6.24319 
41.77 395.89 -32.185 -4.844 -2.44 6.31999 
41.975 397.22 -30.45 -5.0488 -2.3856 6.39919 
42.195 398.505 -28.66 -5.2384 -2.3264 6.47679 
42.48 399.71 -26.76 -5.4032 -2.2616 6.55759 
42.785 400.87 -24.825 -5.55681 -2.188 6.63119 
43.115 402.125 -22.68 -5.70161 -2.1104 6.69359 
43.4 403.38 -20.44 -5.83281 -2.032 6.75039 
43.725 404.675 -18.09 -5.94001 -1.9472 6.79359 
43.95 405.945 -15.75 -6.02801 -1.8576 6.82399 
44.07 407.245 -13.36 -6.10241 -1.7656 6.84719 
44.155 408.5 -11.005 -6.15121 -1.672 6.85839 
44.415 409.78 -8.64 -6.17121 -1.5752 6.85839 
44.71 411.035 -6.2 -6.17121 -1.4728 6.85839 
44.9 412.24 -3.73 -6.17121 -1.3672 6.85839 
44.9 413.45 -1.31 -6.17121 -1.2592 6.85839 
44.9 414.725 1.15 -6.17121 -1.1464 6.85839 
44.9 415.935 3.57 -6.17121 -1.028 6.85839 
44.92 417.16 5.965 -6.17121 -0.892804 6.85839 
45.18 418.415 8.4 -6.1704 -0.748804 6.85839 
45.52 419.605 10.965 -6.144 -0.600804 6.85839 
45.73 420.665 13.59 -6.0888 -0.448004 6.85839 
45.84 421.76 16.325 -6.0104 -0.284004 6.85599 
46.07 422.87 19.015 -5.9056 -0.104004 6.84159 
46.46 424.045 21.65 -5.7728 0.0951956 6.81519 
46.845 425.17 24.19 -5.6128 0.311996 6.76959 
47.195 426.335 26.765 -5.4184 0.542396 6.70319 
47.58 427.49 29.365 -5.2 0.782396 6.62479 
47.985 428.54 32.025 -4.9568 1.0232 6.53439 
48.41 429.565 34.76 -4.6864 1.2624 6.42879 
48.775 430.515 37.37 -4.3832 1.5096 6.31439 
49.105 431.55 39.94 -4.0496 1.7608 6.19119 
49.435 432.585 42.485 -3.6952 2.0176 6.05679 
49.74 433.445 44.965 -3.3128 2.2904 5.91039 
50.08 434.31 47.475 -2.9168 2.5672 5.75279 
50.4 435.105 49.97 -2.5 2.8448 5.59039 
50.72 435.925 52.39 -2.0784 3.1208 5.41839 
51.035 436.645 54.715 -1.6264 3.3976 5.22959 
51.295 437.335 56.925 -1.1544 3.6784 5.02879 
51.5 438.015 59.055 -0.668804 3.9592 4.81999 
51.64 438.56 61.135 -0.172004 4.2344 4.61679 
51.795 439.065 63.155 0.323196 4.50879 4.41999 
51.92 439.445 65.135 0.839195 4.78719 4.21119 
52 439.78 67.105 1.36 5.06399 3.99519 
52.02 440.01 69.09 1.896 5.34319 3.77359 
52.065 440.085 71.07 2.4576 5.62079 3.53199 
52.175 440.085 73.1 3.048 5.90479 3.26479 
52.285 440.085 75.205 3.6768 6.19199 2.97439 
52.425 440.085 77.26 4.3232 6.48639 2.67359 
52.59 440.085 79.24 4.9712 6.78479 2.36879 
52.77 440.085 81.12 5.62 7.08319 2.05999 
52.93 440.085 82.95 6.276 7.37839 1.76159 
53.005 440.085 84.775 6.9488 7.67119 1.47519 
53.005 440.085 86.575 7.6304 7.95999 1.22079 
53.005 440.085 88.35 8.3072 8.24719 0.99279 
53.005 440.085 90.055 8.9576 8.52159 0.78959 
53.005 440.085 91.71 9.6048 8.79279 0.57279 
53.005 440.085 93.365 10.2416 9.06239 0.35359 
53.005 440.085 95.07 10.8808 9.32479 0.14479 
53.005 440.085 96.8 11.4992 9.57279 -0.0440104 
53.005 440.085 98.6 12.0952 9.79359 -0.21601 
53.005 439.995 100.38 12.6704 9.99119 -0.37521 
53.005 439.85 102.185 13.2448 10.1712 -0.51441 
53.005 439.69 103.99 13.8144 10.3376 -0.64001 
52.875 439.515 105.73 14.3744 10.4864 -0.74561 
52.58 439.345 107.385 14.9096 10.6168 -0.83041 
52.15 439.18 108.925 15.3992 10.7216 -0.87441 
51.665 439.1 110.26 15.8288 10.804 -0.88561 
50.98 438.935 111.555 16.1736 10.8456 -0.88561 
50.115 438.705 112.815 16.4584 10.8528 -0.88561 
49.11 438.44 114.04 16.6872 10.8528 -0.88561 
47.995 438.205 115.185 16.8712 10.8528 -0.88561 
46.83 437.96 116.175 17.0184 10.8528 -0.88561 
45.56 437.66 117 17.1424 10.8528 -0.88321 
44.14 437.27 117.75 17.2376 10.8528 -0.87441 
42.655 436.79 118.38 17.3168 10.8528 -0.85761 
41.225 436.265 118.905 17.372 10.8528 -0.83841 
39.725 435.735 119.34 17.4 10.8528 -0.81281 
38.24 435.24 119.685 17.4136 10.8512 -0.78641 
36.565 434.72 119.975 17.42 10.84 -0.75841 
34.805 434.195 120.11 17.4216 10.8184 -0.72561 
32.865 433.57 120.11 17.4216 10.7904 -0.69521 
30.815 432.885 120.11 17.4216 10.7616 -0.66881 
28.695 432.11 120.11 17.4216 10.732 -0.64161 
26.64 431.275 120.11 17.4216 10.7016 -0.62161 
24.81 430.605 120.11 17.4216 10.6696 -0.60161 
23.09 429.92 120.105 17.4216 10.6368 -0.58001 
21.4 429.175 120 17.4168 10.6016 -0.56161 
19.595 428.33 119.83 17.4056 10.5616 -0.54321 
17.62 427.47 119.55 17.3832 10.5144 -0.52401 
15.615 426.625 119.205 17.3544 10.4624 -0.50241 
13.83 425.79 118.735 17.3184 10.4088 -0.48161 
12.325 424.885 118.12 17.2792 10.3576 -0.47281 
10.955 423.985 117.49 17.228 10.3048 -0.47201 
9.58999 423.065 116.8 17.1568 10.2456 -0.47201 
8.26499 422.21 116.03 17.0576 10.1816 -0.47201 
6.86499 421.36 115.155 16.9328 10.1104 -0.47201 
5.49999 420.605 114.195 16.7824 10.0328 -0.47201 
4.41499 419.87 113.11 16.6264 9.95199 -0.47201 
3.47499 419.155 111.92 16.464 9.86959 -0.47201 
2.54999 418.4 110.655 16.3016 9.78479 -0.47201 
1.65999 417.6 109.355 16.1392 9.7 -0.47201 
0.784991 416.78 108.035 15.9728 9.61279 -0.47201 
-0.0200086 416.045 106.705 15.792 9.51439 -0.47201 
-0.830009 415.375 105.31 15.5904 9.40479 -0.47201 
-1.45001 414.71 103.755 15.3736 9.28559 -0.47201 
-2.03001 414 102.07 15.144 9.15119 -0.47201 
-2.40501 413.205 100.305 14.9232 9.01359 -0.47201 
-2.85001 412.3 98.465 14.7032 8.86879 -0.47201 
-3.22001 411.42 96.57 14.4688 8.71839 -0.47201 
-3.55001 410.685 94.755 14.228 8.56719 -0.47201 
-3.83501 410.02 92.98 13.9712 8.41759 -0.47201 
-3.97501 409.445 91.415 13.7104 8.26479 -0.47201 
-4.00501 408.915 89.97 13.4512 8.10719 -0.47201 
-4.02001 408.395 88.57 13.2048 7.94639 -0.47201 
-4.02001 407.885 87.15 12.9696 7.77999 -0.47201 
-4.02001 407.38 85.665 12.7448 7.60559 -0.47201 
-4.02001 406.89 84.205 12.5264 7.43279 -0.47201 
-4.02001 406.52 82.83 12.3048 7.25919 -0.47201 
-4.02001 406.225 81.555 12.0696 7.07919 -0.47201 
-4.02001 405.965 80.385 11.8288 6.89279 -0.47201 
-4.02001 405.695 79.33 11.5936 6.69039 -0.47201 
-4.02001 405.45 78.315 11.3616 6.47759 -0.47201 
-4.02001 405.22 77.305 11.1384 6.25199 -0.47201 
-4.02001 405.055 76.285 10.9112 6.02239 -0.47201 
-4.02001 404.96 75.29 10.6856 5.78719 -0.47201 
-4.02001 404.91 74.275 10.4632 5.55279 -0.47201 
-4.01501 404.91 73.34 10.2368 5.31439 -0.47201 
-4.01501 404.91 72.44 10.0072 5.07519 -0.47201 
-3.99001 404.91 71.56 9.784 4.83759 -0.46881 
-3.93501 404.91 70.715 9.5752 4.59999 -0.45201 
-3.85001 404.91 69.935 9.364 4.36479 -0.42321 
-3.76001 404.91 69.275 9.148 4.13439 -0.38961 
-3.62501 404.91 68.64 8.9256 3.90479 -0.34801 
-3.37501 404.91 68.015 8.7096 3.67919 -0.29521 
-3.05501 404.91 67.415 8.4984 3.45359 -0.22321 
-2.67501 404.91 66.83 8.2936 3.22959 -0.14881 
-2.27501 404.91 66.265 8.0968 3.00719 -0.0704104 
-1.80501 404.91 65.695 7.9088 2.78639 0.0119896 
-1.31001 404.91 65.13 7.724 2.57199 0.10079 
-0.775008 404.91 64.595 7.5448 2.35519 0.18959 
-0.245008 404.91 64.085 7.3768 2.14079 0.28239 
0.309992 404.935 63.53 7.2096 1.93279 0.37679 
0.939992 404.96 62.945 7.0448 1.72479 0.47039 
1.58499 404.965 62.395 6.8808 1.51759 0.56159 
2.23499 404.965 61.88 6.716 1.30959 0.65519 
2.97499 405 61.36 6.5528 1.10559 0.74639 
3.87999 405.05 60.815 6.4008 0.904795 0.83119 
4.76499 405.05 60.275 6.2544 0.698395 0.92559 
5.62999 405.05 59.75 6.1216 0.484795 1.02479 
6.37999 405.05 59.25 5.992 0.267195 1.13599 
7.13499 405.05 58.775 5.868 0.0511949 1.24399 
8.03499 405.05 58.245 5.756 -0.165605 1.35359 
9.03499 405.05 57.64 5.6472 -0.378405 1.45999 
10.045 405.05 57.005 5.5384 -0.592005 1.56879 
11.015 405.05 56.395 5.4288 -0.804005 1.68479 
12.04 405.05 55.84 5.3208 -1.01761 1.81359 
13.08 405.05 55.36 5.2168 -1.24321 1.95599 
14.115 405.05 54.905 5.1208 -1.4784 2.10799 
15.085 405.05 54.5 5.024 -1.72001 2.25839 
16.055 405.05 54.105 4.9312 -1.95601 2.39919 
17.22 405.05 53.655 4.848 -2.17841 2.52959 
18.5 405.05 53.23 4.7768 -2.39601 2.65839 
19.83 405.05 52.76 4.704 -2.61361 2.81279 
21.1 405.08 52.285 4.64 -2.8312 2.98239 
22.34 405.08 51.865 4.5848 -3.0448 3.15359 
23.505 405.08 51.52 4.5304 -3.2584 3.32159 
24.655 405.08 51.25 4.4736 -3.4704 3.48399 
25.905 405.08 50.985 4.4128 -3.6776 3.63759 
27.285 405.08 50.725 4.36 -3.876 3.78399 
28.845 405.08 50.42 4.3104 -4.0648 3.92799 
30.375 405.08 50.2 4.2736 -4.2472 4.07279 
31.655 405.08 50.06 4.2432 -4.4288 4.22719 
32.77 405.08 49.975 4.2176 -4.6072 4.38079 
33.945 405.08 49.875 4.192 -4.78321 4.53359 
35.225 405.08 49.745 4.1688 -4.95121 4.67679 
36.665 405.08 49.52 4.156 -5.10561 4.81119 
38.06 405.08 49.31 4.156 -5.26321 4.94879 
39.325 405.08 49.135 4.156 -5.42 5.08399 
40.585 405.08 48.985 4.156 -5.576 5.22319 
41.76 405.08 48.875 4.156 -5.724 5.35359 
43.06 405.08 48.745 4.156 -5.8584 5.47119 
44.495 405.08 48.57 4.156 -5.9832 5.57919 
45.845 405.08 48.375 4.156 -6.1008 5.67919 
47.045 405.08 48.19 4.156 -6.2088 5.76879 
48.07 405.08 48.005 4.1528 -6.2992 5.84239 
49.11 405.08 47.83 4.1464 -6.37521 5.89759 
50.105 405.08 47.59 4.1368 -6.432 5.93759 
50.985 405.08 47.395 4.1288 -6.4768 5.96399 
51.675 405.08 47.215 4.1184 -6.5128 5.97839 
52.17 405.08 47.04 4.1024 -6.54 5.98319 
52.46 405.08 46.905 4.08 -6.5616 5.98319 
52.615 405.08 46.82 4.0472 -6.5784 5.98319 
52.655 405.08 46.8 3.996 -6.5952 5.98319 
52.685 405.08 46.78 3.9256 -6.6112 5.98319 
52.695 405.08 46.765 3.8344 -6.6272 5.98319 
52.695 405.08 46.72 3.7312 -6.64 5.98239 
52.695 405.08 46.665 3.62 -6.648 5.97279 
52.695 405.08 46.59 3.504 -6.6496 5.95999 
52.695 405.08 46.515 3.3848 -6.6496 5.94319 
52.695 405.08 46.42 3.2568 -6.6496 5.92479 
52.675 405.08 46.285 3.1312 -6.6496 5.90159 
52.56 405.08 46.07 2.9952 -6.6496 5.88239 
52.385 405.08 45.79 2.8504 -6.6496 5.86319 
52.135 405.08 45.39 2.6976 -6.6496 5.85039 
51.825 405.08 44.89 2.5472 -6.6496 5.83759 
51.45 405.08 44.33 2.3968 -6.6496 5.82639 
50.995 405.08 43.725 2.2496 -6.6496 5.81759 
50.485 405.08 43.145 2.1112 -6.6496 5.81519 
49.845 405.08 42.57 1.976 -6.6496 5.81279 
49.16 405.08 41.93 1.8432 -6.6496 5.80719 
48.51 405.08 41.26 1.716 -6.6496 5.79679 
47.805 405.08 40.49 1.5808 -6.6496 5.78479 
47.135 405.08 39.74 1.4472 -6.6496 5.76079 
46.455 405.08 39.055 1.312 -6.6496 5.72399 
45.68 405.08 38.39 1.1824 -6.6472 5.68799 
44.835 405.08 37.695 1.0576 -6.64 5.65279 
44.01 405.08 37.02 0.938398 -6.6312 5.61839 
43.275 405.08 36.395 0.825598 -6.6192 5.57599 
42.66 405.08 35.9 0.722398 -6.5976 5.51759 
42.035 405.08 35.485 0.623998 -6.5696 5.45439 
41.33 405.08 35.145 0.527198 -6.5368 5.39119 
40.53 405.08 34.815 0.433598 -6.5016 5.33199 
39.635 405.08 34.435 0.345598 -6.464 5.27919 
38.72 405.08 33.965 0.261598 -6.4216 5.22159 
37.745 405.08 33.39 0.183998 -6.3688 5.16559 
36.705 405.08 32.845 0.111198 -6.3096 5.10799 
35.575 405.08 32.39 0.0471981 -6.2456 5.05599 
34.5 405.08 32.005 -0.0120019 -6.1792 5.00479 
33.56 405.08 31.665 -0.0752019 -6.1032 4.94639 
32.695 405.08 31.345 -0.141602 -6.016 4.88239 
31.78 405.08 31.03 -0.211202 -5.9136 4.80959 
30.81 405.08 30.71 -0.284002 -5.796 4.72959 
29.84 405.08 30.39 -0.359202 -5.6688 4.63999 
28.92 405.08 30.05 -0.436002 -5.5328 4.54399 
28.06 405.08 29.755 -0.514402 -5.3896 4.43999 
27.31 405.08 29.495 -0.594402 -5.24 4.33039 
26.66 405.08 29.28 -0.672802 -5.0776 4.20959 
26.035 405.08 29.11 -0.744002 -4.9072 4.08239 
25.42 405.08 28.995 -0.809602 -4.7272 3.94879 
24.76 405.08 28.905 -0.872002 -4.5408 3.80959 
24.08 405.08 28.815 -0.929602 -4.34 3.65759 
23.42 405.08 28.785 -0.980802 -4.1328 3.50159 
22.795 405.08 28.765 -1.0328 -3.92 3.34719 
22.275 405.08 28.765 -1.0832 -3.696 3.18239 
21.865 405.08 28.765 -1.1344 -3.464 3.01279 
21.495 405.08 28.765 -1.188 -3.2304 2.84799 
21.115 405.08 28.765 -1.2456 -2.9976 2.68879 
20.705 405.08 28.765 -1.2992 -2.7608 2.53679 
20.325 405.08 28.765 -1.3504 -2.532 2.39199 
20.005 405.08 28.765 -1.4064 -2.308 2.25519 
19.73 405.08 28.755 -1.4608 -2.0784 2.11999 
19.445 405.08 28.745 -1.5128 -1.844 1.99119 
19.215 405.08 28.745 -1.5632 -1.5984 1.86799 
18.995 405.08 28.745 -1.6072 -1.3456 1.74159 
18.765 405.08 28.745 -1.6496 -1.084 1.62079 
18.63 405.08 28.745 -1.6904 -0.808004 1.48239 
18.595 405.08 28.745 -1.72 -0.512004 1.33279 
18.58 405.075 28.745 -1.7504 -0.204804 1.18159 
18.575 405.065 28.745 -1.7752 0.102396 1.04639 
18.575 405.05 28.745 -1.8024 0.398396 0.927988 
18.575 405.025 28.745 -1.8296 0.698396 0.809588 
18.575 404.99 28.745 -1.8496 0.996796 0.695988 
18.575 404.95 28.745 -1.8648 1.3072 0.559988 
18.575 404.905 28.745 -1.8776 1.6216 0.423188 
18.575 404.875 28.745 -1.8856 1.94 0.286388 
18.575 404.85 28.745 -1.8936 2.272 0.141588 
18.575 404.84 28.745 -1.8992 2.6128 -0.00961177 
18.575 404.82 28.745 -1.9024 2.9584 -0.164812 
18.575 404.805 28.745 -1.9024 3.3088 -0.323212 
18.575 404.785 28.745 -1.9024 3.6664 -0.494412 
18.58 404.775 28.75 -1.9024 4.0328 -0.669612 
18.595 404.765 28.78 -1.9024 4.408 -0.846412 
18.615 404.745 28.865 -1.9024 4.788 -1.02721 
18.63 404.71 28.995 -1.9024 5.1736 -1.21441 
18.65 404.68 29.14 -1.9024 5.5632 -1.40241 
18.695 404.63 29.295 -1.9024 5.9576 -1.59441 
18.765 404.585 29.405 -1.9024 6.3664 -1.77361 
18.845 404.55 29.51 -1.9024 6.7792 -1.93601 
18.9 404.51 29.625 -1.9024 7.1856 -2.06641 
18.92 404.475 29.79 -1.9024 7.5872 -2.19361 
18.93 404.475 29.99 -1.9024 7.9888 -2.32081 
18.975 404.475 30.2 -1.9024 8.3872 -2.45281 
19.04 404.475 30.445 -1.9024 8.7824 -2.59281 
19.14 404.475 30.675 -1.9024 9.184 -2.74241 
19.23 404.475 30.895 -1.9024 9.5888 -2.88641 
19.32 404.475 31.115 -1.9024 9.988 -3.02401 
19.415 404.475 31.355 -1.9024 10.3856 -3.15361 
19.51 404.475 31.605 -1.9024 10.7824 -3.28001 
19.625 404.475 31.89 -1.9024 11.1704 -3.40241 
19.745 404.475 32.225 -1.9024 11.5512 -3.53201 
19.885 404.475 32.645 -1.9024 11.9288 -3.68641 
20.07 404.475 33.145 -1.9024 12.304 -3.84881 
20.265 404.475 33.73 -1.9024 12.6744 -4.02481 
20.465 404.475 34.33 -1.9024 13.0336 -4.18801 
20.615 404.475 34.905 -1.9024 13.384 -4.34641 
20.75 404.475 35.465 -1.9024 13.7344 -4.50481 
20.925 404.475 36.015 -1.9024 14.0816 -4.69841 
21.11 404.475 36.585 -1.9024 14.4248 -4.93441 
21.29 404.475 37.275 -1.9024 14.76 -5.19361 
21.45 404.475 38.275 -1.9024 15.0728 -5.50401 
21.66 404.475 39.65 -1.9024 15.3464 -5.87281 
21.92 404.475 41.205 -1.9024 15.5984 -6.29121 
22.195 404.475 42.785 -1.9088 15.8392 -6.74881 
22.515 404.475 44.37 -1.9272 16.076 -7.24081 
22.845 404.475 45.935 -1.9456 16.3192 -7.74801 
23.115 404.475 47.425 -1.964 16.5584 -8.23121 
23.315 404.475 48.84 -1.976 16.7848 -8.68081 
23.47 404.475 50.185 -1.9824 17.0032 -9.10241 
23.64 404.475 51.51 -1.9944 17.2184 -9.52401 
23.82 404.475 52.835 -2.0064 17.432 -9.95361 
24 404.475 54.185 -2.0152 17.648 -10.396 
24.18 404.475 55.51 -2.0296 17.8616 -10.8424 
24.295 404.475 56.79 -2.036 18.0648 -11.2648 
24.37 404.475 58.025 -2.0392 18.2592 -11.6728 
24.42 404.475 59.24 -2.0448 18.4432 -12.0536 
24.505 404.475 60.415 -2.0504 18.6232 -12.4288 
24.65 404.475 61.57 -2.056 18.8072 -12.8096 
24.85 404.475 62.775 -2.0592 18.9904 -13.1856 
25.065 404.48 64.02 -2.0624 19.1672 -13.5608 
25.275 404.495 65.37 -2.0624 19.3416 -13.9192 
25.46 404.5 66.74 -2.0624 19.508 -14.248 
25.64 404.5 68.09 -2.0624 19.6664 -14.5488 
25.78 404.565 69.35 -2.0624 19.8248 -14.8496 
26.015 404.68 70.54 -2.0624 19.988 -15.1632 
26.215 404.765 71.565 -2.0624 20.1256 -15.452 
26.215 404.575 71.89 -2.0592 20.1544 -15.452 
26.215 404.355 72.195 -2.052 20.1848 -15.452 
26.205 404.05 72.49 -2.0408 20.2152 -15.436 
26.13 403.685 72.775 -2.0256 20.2488 -15.396 
26.05 403.245 73.035 -2.004 20.2856 -15.3368 
25.975 402.695 73.255 -1.9752 20.328 -15.2496 
25.93 401.955 73.43 -1.9368 20.3728 -15.1496 
25.93 401.14 73.535 -1.8912 20.4184 -15.0456 
25.93 400.275 73.59 -1.8432 20.4648 -14.9368 
25.93 399.335 73.65 -1.784 20.512 -14.816 
25.905 398.395 73.74 -1.7208 20.5584 -14.6816 
25.79 397.395 73.855 -1.6456 20.6048 -14.5208 
25.58 396.495 73.935 -1.5752 20.6472 -14.3352 
25.385 395.525 73.935 -1.5016 20.6872 -14.124 
25.23 394.445 73.935 -1.4272 20.728 -13.9064 
25.075 393.325 73.935 -1.3424 20.772 -13.676 
24.855 392.295 73.935 -1.2512 20.8192 -13.4344 
24.58 391.2 73.935 -1.1584 20.8648 -13.1784 
24.28 390.005 73.935 -1.0616 20.9064 -12.9152 
23.995 388.645 73.935 -0.950402 20.9464 -12.6488 
23.705 387.24 73.935 -0.837602 20.9832 -12.3896 
23.42 385.925 73.935 -0.732002 21.02 -12.128 
23.125 384.605 73.935 -0.621602 21.0528 -11.8656 
22.81 383.22 73.935 -0.518402 21.08 -11.6192 
22.545 381.775 73.935 -0.410402 21.1008 -11.372 
22.27 380.415 73.935 -0.304802 21.1168 -11.1256 
22.02 379.04 73.935 -0.193602 21.1264 -10.8568 
21.72 377.7 73.935 -0.075202 21.1296 -10.5576 
21.38 376.33 73.935 0.047998 21.1296 -10.2464 
20.985 375.055 73.935 0.171998 21.1296 -9.91121 
20.625 373.89 73.935 0.290398 21.1296 -9.57362 
20.295 372.75 73.935 0.410398 21.1296 -9.22721 
19.945 371.545 73.935 0.533598 21.1296 -8.87681 
19.675 370.375 73.935 0.664798 21.1296 -8.52401 
19.43 369.36 73.935 0.796798 21.1296 -8.16721 
19.13 368.465 73.935 0.927998 21.1296 -7.79841 
18.755 367.62 73.935 1.0544 21.1296 -7.42241 
18.355 366.685 73.935 1.184 21.1296 -7.04161 
17.97 365.7 73.935 1.3184 21.1296 -6.66801 
17.665 364.92 73.935 1.4368 21.1296 -6.29361 
17.47 364.35 73.935 1.5424 21.1296 -5.93361 
17.295 363.855 73.935 1.6472 21.1296 -5.55761 
17.035 363.315 73.935 1.7544 21.1296 -5.16001 
16.975 363.465 73.935 1.7552 21.1104 -4.75761 
16.975 364.09 73.935 1.7552 21.0376 -4.41601 
16.975 364.765 73.935 1.7552 20.9528 -4.10401 
16.96 365.61 73.935 1.7552 20.8552 -3.78961 
16.89 366.565 73.935 1.7552 20.748 -3.48161 
16.82 367.52 73.935 1.7552 20.636 -3.19121 
16.82 368.4 73.935 1.7552 20.5152 -2.92401 
16.82 369.225 73.935 1.7552 20.3888 -2.68321 
16.82 370.07 73.935 1.756 20.2512 -2.43601 
16.82 370.88 73.935 1.7568 20.096 -2.17761 
16.82 371.67 73.935 1.772 19.9112 -1.88001 
16.82 372.445 73.935 1.8016 19.6872 -1.53921 
16.82 373.15 73.935 1.8496 19.42 -1.16001 
16.82 373.905 73.935 1.8968 19.1104 -0.753614 
16.82 374.565 73.915 1.9416 18.768 -0.342414 
16.82 375.16 73.865 1.9816 18.3888 0.0975856 
16.82 375.785 73.825 2.0224 17.9904 0.555186 
16.82 376.41 73.82 2.0608 17.576 1.03359 
16.82 376.975 73.82 2.1 17.1592 1.52079 
16.82 377.51 73.82 2.1424 16.7296 2.02879 
16.82 377.985 73.82 2.192 16.2848 2.54959 
16.82 378.445 73.82 2.2416 15.844 3.06879 
16.82 378.51 73.805 2.2416 15.2408 3.16959 
16.82 378.6 73.79 2.2416 14.6528 3.21679 
16.82 378.705 73.765 2.2416 14.06 3.23919 
16.82 378.82 73.74 2.2416 13.4576 3.23919 
16.82 378.92 73.705 2.2416 12.8392 3.23919 
16.82 378.995 73.655 2.2416 12.2208 3.23919 
16.82 379.105 73.58 2.2416 11.5968 3.23919 
16.82 379.275 73.515 2.2416 10.9672 3.23919 
16.82 379.43 73.47 2.2416 10.3264 3.23919 
16.815 379.51 73.465 2.2416 9.6696 3.23519 
16.805 379.555 73.46 2.2416 9.0072 3.22479 
16.805 379.59 73.435 2.2416 8.3504 3.19839 
16.805 379.6 73.4 2.2416 7.6824 3.17839 
16.805 379.6 73.335 2.2424 7.0144 3.17119 
16.8 379.6 73.27 2.2528 6.3464 3.17119 
16.8 379.6 73.205 2.2664 5.6784 3.17119 
16.8 379.6 73.135 2.2832 4.9992 3.17119 
16.8 379.6 73.065 2.3136 4.3032 3.15439 
16.8 379.6 73 2.3376 3.6 3.10399 
16.8 379.6 72.975 2.3512 2.8664 3.01519 
16.8 379.6 72.955 2.3616 2.1328 2.92959 
16.8 379.6 72.945 2.3688 1.3992 2.83759 
16.8 379.6 72.92 2.3728 0.677603 2.75999 
16.8 379.6 72.845 2.3768 -0.0311969 2.69599 
16.8 379.595 72.735 2.3808 -0.740797 2.62559 
16.8 379.57 72.605 2.4016 -1.456 2.55839 
16.8 379.535 72.505 2.4424 -2.1768 2.50719 
16.8 379.5 72.385 2.4896 -2.8968 2.48959 
16.8 379.475 72.25 2.5472 -3.6112 2.48559 
16.8 379.455 72.08 2.6072 -4.3144 2.48479 
16.8 379.44 71.86 2.6672 -5.0064 2.48399 
16.76 379.44 71.595 2.7208 -5.6976 2.48399 
16.665 379.415 71.265 2.78 -6.3728 2.48399 
16.535 379.38 70.87 2.8584 -7.0384 2.48399 
16.37 379.325 70.375 2.9392 -7.6768 2.48399 
16.165 379.255 69.785 3.0152 -8.288 2.48399 
15.945 379.105 69.095 3.0992 -8.8792 2.48399 
15.62 378.93 68.285 3.1856 -9.4496 2.48399 
15.16 378.74 67.31 3.268 -10.0096 2.48399 
14.62 378.455 66.09 3.3464 -10.5536 2.48399 
14.045 378.11 64.655 3.4232 -11.0728 2.48399 
13.465 377.77 63.07 3.5008 -11.5584 2.48399 
12.81 377.38 61.29 3.568 -12.0048 2.48399 
12.13 376.955 59.455 3.6336 -12.4328 2.48399 
11.385 376.475 57.71 3.7016 -12.8472 2.48399 
10.575 375.92 55.985 3.768 -13.248 2.48399 
9.83997 375.49 54.295 3.8392 -13.6368 2.48399 
9.23997 375.07 52.45 3.9136 -14.0296 2.48399 
8.57997 374.625 50.52 3.9912 -14.4272 2.48399 
7.78997 374.085 48.485 4.0744 -14.8304 2.48399 
6.94497 373.545 46.435 4.1656 -15.2344 2.48399 
6.14497 373.045 44.45 4.256 -15.6296 2.48399 
5.46497 372.58 42.49 4.336 -16.0232 2.48399 
4.82497 372.09 40.605 4.4096 -16.412 2.47839 
4.17997 371.61 38.815 4.4872 -16.8096 2.47039 
3.50497 371.245 37.12 4.5592 -17.2072 2.46719 
2.87497 370.985 35.49 4.6256 -17.604 2.46719 
2.33497 370.73 33.88 4.6896 -18.0048 2.46719 
1.84497 370.56 32.285 4.74 -18.4 2.46399 
1.31997 370.49 30.775 4.7792 -18.7856 2.46079 
0.759973 370.46 29.325 4.8128 -19.1616 2.46079 
0.189973 370.46 27.785 4.8336 -19.5288 2.46079 
-0.345027 370.46 26.165 4.8368 -19.8696 2.46079 
-0.835027 370.46 24.46 4.8368 -20.1896 2.46079 
-1.22003 370.46 22.58 4.8368 -20.4776 2.46079 
-1.66003 370.46 20.595 4.8368 -20.7312 2.46079 
-2.02503 370.655 18.49 4.8368 -20.9368 2.46079 
-2.41503 370.875 16.355 4.8344 -21.1144 2.46079 
-2.76003 371.235 14 4.8144 -21.2744 2.46079 
-3.07503 371.72 11.525 4.776 -21.4304 2.46079 
-3.30003 372.235 8.83 4.7264 -21.5744 2.46079 
-3.51503 372.87 5.98 4.6712 -21.7056 2.46079 
-3.66503 373.6 2.885 4.6112 -21.8128 2.46079 
-3.90003 374.135 -0.0699961 4.5464 -21.8968 2.45279 
-4.22003 374.405 -3.005 4.4728 -21.9704 2.43119 
-4.67003 374.425 -5.71 4.3848 -22.0424 2.40079 
-5.12003 374.55 -8.45 4.2728 -22.1136 2.37199 
-5.48003 374.925 -11.425 4.1376 -22.176 2.33759 
-5.79503 375.33 -14.645 3.984 -22.228 2.28879 
-6.06003 375.805 -18.085 3.816 -22.2624 2.24319 
-6.35503 376.215 -21.775 3.644 -22.2704 2.20159 
-6.63003 376.585 -25.495 3.4752 -22.2704 2.15839 
-6.82503 376.875 -29.015 3.3144 -22.2704 2.11039 
-6.82503 377.12 -32.335 3.1512 -22.2704 2.04799 
-6.82503 377.35 -35.29 2.9784 -22.2704 1.97039 
-6.82503 377.655 -37.925 2.8016 -22.2704 1.88799 
-6.82503 378 -40.65 2.6088 -22.2704 1.79999 
-6.82503 378.21 -43.425 2.4328 -22.2704 1.71919 
-6.82503 378.35 -46.195 2.2696 -22.2704 1.64479 
-6.82503 378.49 -48.965 2.1088 -22.2704 1.56879 
-6.82503 378.57 -51.645 1.9504 -22.2552 1.48079 
-6.82503 378.59 -54.155 1.7936 -22.228 1.37999 
-6.82503 378.59 -56.475 1.6472 -22.1984 1.26799 
-6.82503 378.59 -58.685 1.5104 -22.1696 1.15359 
-6.82503 378.59 -60.84 1.3816 -22.1392 1.04319 
-6.82503 378.59 -62.97 1.26 -22.108 0.934386 
-6.76503 378.59 -64.92 1.1472 -22.0752 0.823186 
-6.48503 378.59 -66.57 1.0456 -22.0392 0.712786 
-6.07003 378.59 -68.015 0.944798 -21.9944 0.582386 
-5.59503 378.59 -69.185 0.849598 -21.9392 0.439986 
-5.11003 378.59 -70.105 0.761598 -21.8792 0.290386 
-4.57003 378.59 -70.925 0.674398 -21.8152 0.135186 
-4.03003 378.59 -71.64 0.590398 -21.752 -0.0112139 
-3.53503 378.59 -72.27 0.510398 -21.6904 -0.146414 
-3.05503 378.59 -72.87 0.434398 -21.6256 -0.268814 
-2.51003 378.59 -73.435 0.364798 -21.5544 -0.384014 
-1.81003 378.59 -74.025 0.298398 -21.472 -0.499214 
-0.930026 378.59 -74.67 0.242398 -21.3664 -0.620014 
0.0999736 378.59 -75.24 0.187998 -21.2392 -0.743214 
1.11497 378.59 -75.59 0.148798 -21.1008 -0.870414 
2.07497 378.59 -75.725 0.114398 -20.9584 -1.00561 
3.06997 378.59 -75.725 0.0831983 -20.8096 -1.15441 
4.17997 378.59 -75.725 0.0543983 -20.6616 -1.31041 
5.55497 378.59 -75.725 0.0239983 -20.504 -1.47441 
7.09497 378.59 -75.725 -0.00160168 -20.3376 -1.64321 
8.47997 378.59 -75.725 -0.0272017 -20.1744 -1.80001 
9.73497 378.59 -75.725 -0.0528017 -20.0104 -1.94961 
10.95 378.595 -75.725 -0.0784017 -19.8408 -2.09761 
12.29 378.595 -75.725 -0.102402 -19.6616 -2.26401 
13.855 378.595 -75.725 -0.116002 -19.4696 -2.44721 
15.61 378.685 -75.725 -0.129602 -19.272 -2.63121 
17.18 378.835 -75.725 -0.140802 -19.0752 -2.81281 
18.53 379.045 -75.725 -0.152002 -18.8848 -2.97921 
19.765 379.335 -75.725 -0.164802 -18.7024 -3.12801 
21.145 379.76 -75.725 -0.177602 -18.5224 -3.26641 
22.625 380.35 -75.725 -0.198402 -18.3448 -3.39441 
24.135 380.99 -75.725 -0.215202 -18.1616 -3.52401 
25.62 381.775 -75.725 -0.236802 -17.9728 -3.65201 
27.09 382.75 -75.725 -0.257602 -17.7816 -3.76641 
28.47 383.815 -75.725 -0.270402 -17.5976 -3.86561 
29.81 384.94 -75.725 -0.272802 -17.4168 -3.95361 
31.275 386.025 -75.725 -0.272802 -17.2296 -4.05601 
32.74 386.965 -75.725 -0.272802 -17.0336 -4.17841 
34.165 387.995 -75.725 -0.272802 -16.8336 -4.30641 
35.435 389.14 -75.725 -0.272802 -16.636 -4.43601 
36.535 390.38 -75.725 -0.272802 -16.448 -4.54081 
37.48 391.525 -75.725 -0.272802 -16.276 -4.61681 
38.46 392.68 -75.725 -0.272802 -16.1192 -4.65921 
39.625 394.105 -75.725 -0.272802 -15.9632 -4.66641 
40.63 395.43 -75.725 -0.272802 -15.8192 -4.66641 
41.515 396.725 -75.725 -0.272802 -15.6872 -4.66641 
42.22 397.95 -75.725 -0.272802 -15.5688 -4.66641 
42.88 399.32 -75.725 -0.272802 -15.4632 -4.65041 
43.535 400.92 -75.725 -0.272802 -15.3568 -4.60241 
44.145 402.425 -75.725 -0.272802 -15.2496 -4.53521 
44.675 403.705 -75.725 -0.272802 -15.1456 -4.45281 
45.185 404.945 -75.725 -0.272802 -15.0384 -4.35761 
45.755 406.38 -75.725 -0.272802 -14.9264 -4.25201 
46.235 407.795 -75.725 -0.272802 -14.8144 -4.13121 
46.63 409.05 -75.725 -0.272802 -14.7104 -3.98801 
47.055 410.35 -75.725 -0.272802 -14.6136 -3.81681 
47.435 411.83 -75.725 -0.272802 -14.5168 -3.60881 
47.785 413.285 -75.725 -0.272802 -14.4176 -3.38801 
48.24 414.825 -75.725 -0.272802 -14.312 -3.13841 
48.68 416.36 -75.725 -0.272802 -14.2016 -2.85921 
49.045 417.975 -75.725 -0.272802 -14.0912 -2.54641 
49.365 419.425 -75.725 -0.272802 -13.976 -2.21361 
49.73 420.755 -75.725 -0.272802 -13.8544 -1.87521 
50.06 421.895 -75.725 -0.272802 -13.7256 -1.52321 
50.26 422.96 -75.725 -0.272802 -13.588 -1.14881 
50.405 424.075 -75.725 -0.272802 -13.4416 -0.768814 
50.645 425.305 -75.725 -0.272802 -13.2848 -0.394414 
51.12 426.555 -75.725 -0.272802 -13.1136 -0.0208145 
51.66 427.65 -75.725 -0.272802 -12.9304 0.339186 
52.115 428.685 -75.725 -0.272802 -12.7336 0.711185 
52.41 429.615 -75.725 -0.272802 -12.5368 1.06719 
52.56 430.45 -75.725 -0.272802 -12.3368 1.42399 
52.685 431.23 -75.725 -0.272802 -12.1304 1.75599 
52.89 432.055 -75.725 -0.272802 -11.9136 2.06479 
53.18 432.795 -75.725 -0.272802 -11.6864 2.34239 
53.555 433.34 -75.725 -0.272802 -11.4488 2.58719 
53.985 433.79 -75.62 -0.272802 -11.2024 2.80639 
54.465 434.25 -75.395 -0.272802 -10.9464 3.01359 
54.925 434.655 -75.125 -0.272802 -10.688 3.21839 
55.26 434.99 -74.85 -0.272802 -10.4328 3.42239 
55.475 435.25 -74.615 -0.272802 -10.1864 3.61839 
55.645 435.465 -74.395 -0.272802 -9.9432 3.80239 
55.885 435.63 -74.175 -0.272802 -9.7032 3.95119 
56.21 435.705 -73.93 -0.272802 -9.4528 4.06239 
56.64 435.715 -73.56 -0.272802 -9.1904 4.14399 
57.185 435.715 -72.985 -0.272802 -8.9192 4.21279 
57.75 435.715 -72.235 -0.272802 -8.6416 4.27759 
58.265 435.715 -71.405 -0.272802 -8.3632 4.34479 
58.755 435.715 -70.58 -0.272802 -8.088 4.41599 
59.19 435.715 -69.74 -0.272802 -7.8248 4.48159 
59.565 435.715 -68.895 -0.272802 -7.5704 4.53679 
59.91 435.715 -68.025 -0.272802 -7.3248 4.58239 
60.295 435.715 -67.11 -0.272802 -7.08 4.61759 
60.68 435.715 -66.125 -0.272802 -6.8432 4.64559 
60.98 435.715 -65.045 -0.272802 -6.6168 4.67759 
61.19 435.715 -63.84 -0.272802 -6.4032 4.71919 
61.27 435.715 -62.52 -0.272802 -6.196 4.76399 
61.335 435.65 -61.155 -0.272802 -5.992 4.80879 
61.425 435.51 -59.895 -0.272802 -5.7888 4.84959 
61.595 435.385 -58.73 -0.272802 -5.5896 4.87999 
61.765 435.25 -57.565 -0.272802 -5.4048 4.89999 
61.84 435.075 -56.365 -0.272802 -5.2296 4.91519 
61.845 434.845 -55.075 -0.272802 -5.0576 4.92879 
61.845 434.585 -53.72 -0.272002 -4.892 4.93999 
61.845 434.3 -52.405 -0.271202 -4.7328 4.94959 
61.9 434.045 -51.11 -0.271202 -4.5832 4.95679 
61.94 433.77 -49.73 -0.271202 -4.4536 4.95679 
62.01 433.365 -48.11 -0.271202 -4.3536 4.95679 
62.01 432.845 -46.38 -0.271202 -4.2776 4.95679 
62.01 432.32 -44.625 -0.271202 -4.2304 4.95679 
62.01 431.825 -42.99 -0.271202 -4.1984 4.95679 
62.01 431.295 -41.325 -0.271202 -4.1816 4.95679 
62.01 430.785 -39.685 -0.271202 -4.1736 4.95679 
62.01 430.315 -38.03 -0.271202 -4.1688 4.95679 
62.01 429.845 -36.355 -0.270402 -4.1672 4.95679 
62.01 429.4 -34.66 -0.269602 -4.1672 4.95679 
62.01 428.96 -32.87 -0.268802 -4.1672 4.95679 
62.01 428.47 -31.025 -0.268002 -4.1672 4.95679 
62.01 428.115 -29.365 -0.268002 -4.1672 4.95679 
62.01 427.87 -27.835 -0.268002 -4.1672 4.95679 
62.01 427.575 -26.365 -0.268002 -4.1672 4.95679 
62.01 427.15 -24.855 -0.268002 -4.1672 4.95679 
62.01 426.775 -23.285 -0.268002 -4.1672 4.95679 
62.01 426.485 -21.725 -0.268002 -4.1672 4.95679 
62.005 426.25 -20.33 -0.268002 -4.1704 4.95679 
61.86 426.015 -18.97 -0.268002 -4.1792 4.95679 
61.62 425.79 -17.56 -0.268002 -4.1984 4.95679 
61.385 425.555 -16.195 -0.268002 -4.2288 4.95679 
61.235 425.415 -14.95 -0.268002 -4.2624 4.95519 
61.045 425.265 -13.7 -0.268002 -4.308 4.94799 
60.855 425.065 -12.255 -0.268002 -4.3784 4.93359 
60.545 424.795 -10.635 -0.268002 -4.48 4.91519 
60.2 424.53 -9.09997 -0.268002 -4.6024 4.89679 
59.86 424.305 -7.76497 -0.268002 -4.7448 4.87039 
59.52 424.095 -6.40997 -0.268002 -4.9176 4.83999 
59.125 423.855 -5.18497 -0.268002 -5.12 4.80719 
58.58 423.62 -3.92997 -0.268002 -5.3464 4.77359 
57.975 423.44 -2.71997 -0.268002 -5.588 4.73439 
57.305 423.23 -1.47497 -0.268002 -5.8272 4.68239 
56.655 422.97 -0.26997 -0.268002 -6.0728 4.61439 
56.095 422.765 0.91003 -0.268002 -6.32 4.53439 
55.475 422.61 2.12003 -0.268002 -6.5776 4.45999 
54.73 422.49 3.40003 -0.270402 -6.8368 4.39519 
53.87 422.325 4.71003 -0.272802 -7.1104 4.33599 
52.97 422.155 6.05003 -0.275202 -7.392 4.27119 
52.065 421.985 7.43003 -0.284802 -7.6896 4.20239 
51.14 421.83 8.81503 -0.302402 -8.0008 4.12239 
50.185 421.685 10.265 -0.332802 -8.3368 4.01679 
49.315 421.555 11.775 -0.380802 -8.708 3.88239 
48.415 421.41 13.21 -0.437602 -9.096 3.72879 
47.475 421.255 14.6 -0.492002 -9.4888 3.57119 
46.465 421.155 15.945 -0.566402 -9.8928 3.40879 
45.43 421.11 17.335 -0.641602 -10.3032 3.23679 
44.485 421.105 18.605 -0.719202 -10.704 3.05119 
43.665 421.105 19.735 -0.796802 -11.092 2.85279 
43.005 421.105 20.685 -0.870402 -11.4576 2.64719 
42.545 421.105 21.47 -0.942402 -11.792 2.42959 
42.145 421.105 22.145 -1.016 -12.0768 2.22559 
41.765 421.105 22.775 -1.0888 -12.3072 2.05519 
41.37 421.105 23.31 -1.1464 -12.4704 1.92879 
41.09 421.105 23.67 -1.1904 -12.568 1.84959 
40.94 421.105 23.88 -1.2208 -12.6168 1.80479 
40.88 421.105 24.015 -1.24 -12.6368 1.78079 
40.875 421.105 24.11 -1.248 -12.6416 1.77039 
40.875 421.105 24.185 -1.2512 -12.6416 1.76559 
40.875 421.105 24.28 -1.2512 -12.6416 1.76479 
40.875 421.105 24.4 -1.2512 -12.6416 1.76479 
40.875 421.105 24.535 -1.2512 -12.6416 1.76479 
40.875 421.105 24.68 -1.2512 -12.6416 1.76479 
40.875 421.105 24.77 -1.2512 -12.6416 1.76479 
40.875 421.105 24.78 -1.2512 -12.6528 1.76479 
