17.635 387.425 -94.9 -1.4056 -3.19919 -1.904 
17.635 387.425 -94.9 -1.4056 -3.19919 -1.9048 
17.63 387.425 -94.9 -1.4056 -3.19919 -1.9064 
17.63 387.425 -94.9 -1.4056 -3.19919 -1.9072 
17.63 387.425 -94.9 -1.4056 -3.19919 -1.908 
17.63 387.41 -94.885 -1.4032 -3.20159 -1.9096 
17.63 387.275 -94.665 -1.388 -3.20159 -1.9216 
17.65 386.855 -94.06 -1.3504 -3.20159 -1.9568 
17.74 386.17 -93.155 -1.2936 -3.20159 -2.0064 
17.925 385.18 -91.83 -1.2176 -3.19119 -2.0552 
18.08 383.935 -90.115 -1.1208 -3.17919 -2.0992 
18.275 382.435 -88.145 -1.0152 -3.17439 -2.1208 
18.46 380.905 -86.155 -0.926401 -3.17439 -2.1232 
18.515 379.195 -84.12 -0.846401 -3.17439 -2.1232 
18.515 377.44 -82.17 -0.779201 -3.17439 -2.1232 
18.515 375.42 -80.2 -0.725601 -3.17439 -2.1232 
18.515 373.105 -78.02 -0.665601 -3.17439 -2.1232 
18.515 371.08 -76.04 -0.608001 -3.17439 -2.1232 
18.515 369.505 -74.455 -0.564801 -3.17439 -2.1192 
18.44 368.155 -73.05 -0.529601 -3.17439 -2.1152 
18.195 366.835 -71.705 -0.497601 -3.17439 -2.1136 
18.05 366.385 -71.01 -0.494401 -3.17519 -2.1136 
17.81 366.14 -70.365 -0.491201 -3.17919 -2.1136 
17.455 366.09 -69.77 -0.488001 -3.18479 -2.1136 
16.975 366.155 -69.335 -0.486401 -3.19279 -2.1128 
16.575 366.365 -69.055 -0.486401 -3.20319 -2.1112 
16.195 366.665 -68.935 -0.486401 -3.21519 -2.1112 
15.75 367.055 -68.93 -0.486401 -3.23119 -2.1112 
15.15 367.705 -68.93 -0.486401 -3.24239 -2.1104 
14.465 368.37 -68.93 -0.486401 -3.26239 -2.0976 
13.675 369.135 -68.93 -0.486401 -3.28719 -2.0784 
12.885 370 -68.93 -0.486401 -3.31439 -2.0456 
12.08 370.91 -68.775 -0.482401 -3.34239 -2.0008 
11.345 371.92 -68.525 -0.472001 -3.36799 -1.9544 
10.71 372.97 -68.15 -0.454401 -3.39199 -1.904 
9.98001 374.09 -67.62 -0.424801 -3.42239 -1.8344 
9.04501 375.615 -67.01 -0.381601 -3.46239 -1.7288 
8.05501 377.32 -66.38 -0.330401 -3.51439 -1.608 
7.19001 378.965 -65.78 -0.280001 -3.57119 -1.5088 
6.52501 380.49 -65.29 -0.236801 -3.62319 -1.4384 
6.09501 381.81 -64.925 -0.200001 -3.66399 -1.3872 
5.72501 383.26 -64.575 -0.160801 -3.69759 -1.3304 
5.26001 384.78 -64.18 -0.116801 -3.72559 -1.2616 
4.67001 386.4 -63.635 -0.0592011 -3.75999 -1.168 
4.07001 387.91 -62.985 0.00959891 -3.80399 -1.0608 
3.49001 389.285 -62.255 0.0943989 -3.85839 -0.942398 
2.99001 390.58 -61.465 0.186399 -3.91919 -0.823198 
2.50501 391.68 -60.605 0.290399 -3.98959 -0.703198 
2.05001 392.635 -59.56 0.414399 -4.07679 -0.571998 
1.59501 393.38 -58.34 0.555999 -4.17679 -0.443198 
1.25501 393.81 -56.935 0.712799 -4.28239 -0.331198 
1.07501 393.865 -55.37 0.876799 -4.38319 -0.241598 
1.03001 393.865 -53.62 1.0408 -4.46879 -0.175998 
1.03001 393.865 -51.75 1.2008 -4.54239 -0.119998 
1.03001 393.575 -49.745 1.3784 -4.61599 -0.0439985 
1.03001 393.075 -47.665 1.564 -4.69119 0.0448015 
1.04001 392.31 -45.46 1.7512 -4.76559 0.135202 
1.27501 391.32 -43.15 1.9344 -4.83519 0.224802 
1.68001 390.14 -40.725 2.1256 -4.90239 0.328002 
2.16501 388.93 -38.205 2.3152 -4.96559 0.436802 
2.75001 387.72 -35.66 2.4976 -5.01999 0.533602 
3.42501 386.53 -33.19 2.6624 -5.06159 0.606402 
4.28501 385.275 -31.065 2.8008 -5.08479 0.660002 
5.30501 383.89 -28.985 2.9328 -5.09919 0.712802 
6.43501 382.435 -27.115 3.0552 -5.10399 0.772802 
7.54001 381.04 -25.555 3.1688 -5.10399 0.833602 
8.46001 379.965 -24.625 3.244 -5.10399 0.875202 
9.45001 378.965 -24.095 3.2912 -5.10399 0.896802 
10.54 377.94 -23.76 3.3208 -5.10399 0.904002 
11.585 376.895 -23.56 3.3432 -5.10399 0.905602 
12.58 375.91 -23.54 3.3608 -5.10399 0.908002 
13.34 375.165 -23.54 3.3736 -5.10319 0.914402 
13.915 374.535 -23.54 3.3832 -5.10319 0.923202 
14.33 374.015 -23.54 3.3936 -5.10319 0.937602 
14.56 373.68 -23.59 3.3992 -5.10319 0.956002 
14.72 373.515 -23.755 3.3992 -5.10319 0.972002 
14.835 373.405 -23.97 3.3992 -5.10319 0.989602 
14.865 373.36 -24.285 3.3992 -5.10319 1.0104 
14.865 373.36 -24.8 3.3992 -5.10319 1.0376 
14.865 373.4 -25.575 3.3944 -5.10319 1.0768 
14.815 373.69 -26.555 3.3824 -5.10319 1.1264 
14.64 374.135 -27.64 3.3664 -5.10319 1.1704 
14.31 374.65 -28.78 3.3488 -5.10319 1.2088 
13.87 375.31 -30.05 3.3272 -5.10319 1.2648 
13.22 376.31 -31.57 3.3 -5.10319 1.3464 
12.33 377.66 -33.325 3.268 -5.09919 1.444 
11.25 379.16 -35.105 3.2408 -5.09199 1.5408 
10.14 380.635 -36.78 3.2176 -5.08079 1.6248 
9.01501 382.055 -38.4 3.196 -5.06799 1.7016 
7.88001 383.51 -39.955 3.1768 -5.05359 1.7848 
6.81001 385.07 -41.495 3.16 -5.03599 1.8752 
5.79501 386.8 -43.04 3.1448 -5.01679 1.976 
4.70501 388.61 -44.61 3.1312 -4.99599 2.08 
3.61501 390.47 -46.19 3.116 -4.97199 2.1728 
2.48001 392.19 -47.665 3.1016 -4.95039 2.264 
1.29001 393.84 -49.12 3.0856 -4.93039 2.356 
0.140011 395.3 -50.455 3.0712 -4.90959 2.444 
-0.999989 396.585 -51.7 3.0576 -4.88799 2.532 
-2.08499 397.695 -52.875 3.0456 -4.86479 2.6088 
-3.04499 398.42 -53.955 3.0312 -4.84079 2.6768 
-3.79499 398.6 -54.775 3.0216 -4.82079 2.7296 
-4.30999 398.6 -55.32 3.02 -4.80559 2.76 
-4.58999 398.425 -55.64 3.02 -4.79279 2.7672 
-4.73499 398.17 -55.88 3.02 -4.77519 2.7672 
-4.78999 397.785 -56.115 3.02 -4.75279 2.7672 
-4.78999 397.065 -56.32 3.02 -4.73119 2.7672 
-4.78999 396.05 -56.465 3.02 -4.71119 2.7672 
-4.61499 394.555 -56.465 3.02 -4.69519 2.764 
-4.17999 392.655 -56.465 3.02 -4.68479 2.7608 
-3.50499 390.5 -56.465 3.02 -4.67999 2.76 
-2.72499 388.23 -56.465 3.02 -4.67679 2.76 
-1.81499 385.865 -56.41 3.02 -4.67519 2.76 
-0.754989 383.405 -56.24 3.02 -4.67439 2.76 
0.470011 380.855 -55.81 3.02 -4.67359 2.76 
1.82001 378.32 -55.175 3.0208 -4.67279 2.76 
3.19001 376.065 -54.51 3.0208 -4.67199 2.76 
4.50001 374.205 -53.88 3.0208 -4.67119 2.76 
5.72501 372.69 -53.29 3.0208 -4.67039 2.7592 
6.83001 371.46 -52.635 3.0208 -4.67039 2.756 
7.81001 370.445 -51.89 3.0208 -4.67039 2.7544 
8.65001 369.66 -50.995 3.0216 -4.67039 2.7544 
9.50001 369.125 -49.985 3.0232 -4.67039 2.7544 
10.585 368.755 -48.81 3.0248 -4.67039 2.7544 
11.67 368.54 -47.615 3.0264 -4.67039 2.7536 
12.62 368.54 -46.6 3.0272 -4.67039 2.7496 
13.465 368.54 -45.74 3.0272 -4.67039 2.7424 
14.07 368.54 -44.99 3.028 -4.67039 2.736 
14.49 368.54 -44.36 3.0288 -4.67039 2.7336 
14.725 368.57 -43.81 3.0312 -4.67039 2.7328 
14.85 368.66 -43.32 3.036 -4.67039 2.7328 
14.885 368.83 -42.93 3.0408 -4.67039 2.7328 
14.885 369.02 -42.64 3.044 -4.67039 2.7328 
14.885 369.23 -42.425 3.0472 -4.67039 2.7328 
14.815 369.52 -42.29 3.052 -4.67039 2.7328 
14.6 369.88 -42.195 3.0568 -4.66559 2.7328 
14.405 370.21 -42.105 3.0616 -4.65439 2.7328 
14.22 370.505 -41.995 3.0688 -4.63359 2.7328 
13.9 370.89 -41.9 3.08 -4.59039 2.732 
13.485 371.41 -41.85 3.092 -4.52719 2.7312 
13.05 371.985 -41.83 3.1016 -4.45919 2.7312 
12.585 372.545 -41.795 3.1112 -4.39359 2.7312 
12.11 373.03 -41.68 3.124 -4.33519 2.7312 
11.71 373.395 -41.48 3.1416 -4.28239 2.7312 
11.485 373.64 -41.255 3.1616 -4.23199 2.7312 
11.33 373.865 -41.02 3.18 -4.18639 2.7304 
11.19 374.095 -40.735 3.2 -4.14879 2.7256 
11.065 374.325 -40.43 3.22 -4.11439 2.7168 
10.955 374.52 -40.105 3.2424 -4.08479 2.7048 
10.885 374.665 -39.785 3.2624 -4.06239 2.6944 
10.845 374.725 -39.475 3.2792 -4.04799 2.6944 
10.815 374.735 -39.19 3.2928 -4.03919 2.6944 
10.815 374.745 -38.965 3.3048 -4.03119 2.6944 
10.815 374.755 -38.835 3.3112 -4.02399 2.6944 
10.815 374.755 -38.74 3.3152 -4.02079 2.6944 
10.815 374.755 -38.67 3.3184 -4.01999 2.6944 
10.815 374.755 -38.625 3.3208 -4.01999 2.6944 
10.815 374.755 -38.625 3.3224 -4.01999 2.6944 
10.815 374.755 -38.625 3.3232 -4.01999 2.6944 
10.815 374.755 -38.625 3.3224 -4.01999 2.6944 
10.815 374.755 -38.625 3.3232 -4.01999 2.6944 
10.815 374.755 -38.625 3.3224 -4.01999 2.6944 
10.815 374.755 -38.625 3.3232 -4.01999 2.6944 
