10.57 383.714 184.03 1.3 -6.60481 1.792 
10.5161 383.593 183.091 1.29337 -6.57111 1.78286 
10.4621 383.472 182.152 1.28674 -6.53742 1.77372 
10.4082 383.351 181.213 1.2801 -6.50372 1.76457 
10.3543 383.23 180.274 1.27347 -6.47002 1.75543 
10.3003 383.109 179.335 1.26684 -6.43632 1.74629 
10.2464 382.988 178.396 1.26021 -6.40262 1.73715 
10.1925 382.867 177.457 1.25357 -6.36893 1.728 
10.1386 382.746 176.519 1.24694 -6.33523 1.71886 
10.0846 382.625 175.58 1.24031 -6.30153 1.70972 
10.0307 382.504 174.641 1.23368 -6.26783 1.70057 
9.97678 382.383 173.702 1.22704 -6.23413 1.69143 
9.92285 382.262 172.763 1.22041 -6.20044 1.68229 
9.86892 382.141 171.824 1.21378 -6.16674 1.67314 
9.81499 382.02 170.885 1.20715 -6.13304 1.664 
9.76106 381.899 169.946 1.20051 -6.09934 1.65486 
9.70713 381.778 169.007 1.19388 -6.06564 1.64572 
9.65321 381.657 168.068 1.18725 -6.03194 1.63657 
9.59928 381.536 167.129 1.18061 -5.99825 1.62743 
9.54535 381.415 166.19 1.17398 -5.96455 1.61829 
9.49142 381.294 165.251 1.16735 -5.93085 1.60914 
9.43749 381.173 164.312 1.16072 -5.89715 1.6 
9.38356 381.052 163.373 1.15408 -5.86345 1.59086 
9.32964 380.931 162.435 1.14745 -5.82976 1.58172 
9.27571 380.81 161.496 1.14082 -5.79606 1.57257 
9.22178 380.689 160.557 1.13419 -5.76236 1.56343 
9.16785 380.568 159.618 1.12755 -5.72866 1.55429 
9.11392 380.447 158.679 1.12092 -5.69496 1.54514 
9.05999 380.326 157.74 1.11429 -5.66127 1.536 
9.00607 380.205 156.801 1.10765 -5.62757 1.52686 
8.95214 380.084 155.862 1.10102 -5.59387 1.51772 
8.89821 379.963 154.923 1.09439 -5.56017 1.50857 
8.84428 379.842 153.984 1.08776 -5.52647 1.49943 
8.79035 379.721 153.045 1.08112 -5.49278 1.49029 
8.73642 379.6 152.106 1.07449 -5.45908 1.48114 
8.6825 379.479 151.167 1.06786 -5.42538 1.472 
8.62857 379.358 150.228 1.06123 -5.39168 1.46286 
8.57464 379.237 149.289 1.05459 -5.35798 1.45372 
8.52071 379.116 148.351 1.04796 -5.32429 1.44457 
8.46678 378.995 147.412 1.04133 -5.29059 1.43543 
8.41285 378.874 146.473 1.0347 -5.25689 1.42629 
8.35892 378.753 145.534 1.02806 -5.22319 1.41714 
8.305 378.632 144.595 1.02143 -5.18949 1.408 
8.25107 378.511 143.656 1.0148 -5.15579 1.39886 
8.19714 378.39 142.717 1.00816 -5.1221 1.38972 
8.14321 378.269 141.778 1.00153 -5.0884 1.38057 
8.08928 378.148 140.839 0.994899 -5.0547 1.37143 
8.03535 378.027 139.9 0.988266 -5.021 1.36229 
7.98143 377.906 138.961 0.981634 -4.9873 1.35314 
7.9275 377.785 138.022 0.975001 -4.95361 1.344 
7.87357 377.664 137.083 0.968368 -4.91991 1.33486 
7.81964 377.543 136.144 0.961736 -4.88621 1.32572 
7.76571 377.422 135.205 0.955103 -4.85251 1.31657 
7.71178 377.301 134.267 0.94847 -4.81881 1.30743 
7.65786 377.18 133.328 0.941838 -4.78512 1.29829 
7.60393 377.059 132.389 0.935205 -4.75142 1.28914 
7.55 376.938 131.45 0.928572 -4.71772 1.28 
7.49607 376.817 130.511 0.92194 -4.68402 1.27086 
7.44214 376.696 129.572 0.915307 -4.65032 1.26172 
7.38821 376.575 128.633 0.908674 -4.61663 1.25257 
7.33429 376.454 127.694 0.902042 -4.58293 1.24343 
7.28036 376.333 126.755 0.895409 -4.54923 1.23429 
7.22643 376.212 125.816 0.888776 -4.51553 1.22514 
7.1725 376.091 124.877 0.882143 -4.48183 1.216 
7.11857 375.97 123.938 0.875511 -4.44813 1.20686 
7.06464 375.849 122.999 0.868878 -4.41444 1.19772 
7.01072 375.728 122.06 0.862245 -4.38074 1.18857 
6.95679 375.607 121.121 0.855613 -4.34704 1.17943 
6.90286 375.486 120.183 0.84898 -4.31334 1.17029 
6.84893 375.365 119.244 0.842347 -4.27964 1.16114 
6.795 375.244 118.305 0.835715 -4.24595 1.152 
6.74107 375.123 117.366 0.829082 -4.21225 1.14286 
6.68715 375.002 116.427 0.822449 -4.17855 1.13372 
6.63322 374.881 115.488 0.815817 -4.14485 1.12457 
6.57929 374.76 114.549 0.809184 -4.11115 1.11543 
6.52536 374.639 113.61 0.802551 -4.07746 1.10629 
6.47143 374.518 112.671 0.795919 -4.04376 1.09714 
6.4175 374.397 111.732 0.789286 -4.01006 1.088 
6.36357 374.276 110.793 0.782653 -3.97636 1.07886 
6.30965 374.155 109.854 0.776021 -3.94266 1.06972 
6.25572 374.034 108.915 0.769388 -3.90897 1.06057 
6.20179 373.913 107.977 0.762755 -3.87527 1.05143 
6.14786 373.792 107.038 0.756122 -3.84157 1.04229 
6.09393 373.671 106.099 0.74949 -3.80787 1.03314 
6.04 373.55 105.16 0.742857 -3.77417 1.024 
5.98608 373.429 104.221 0.736224 -3.74048 1.01486 
5.93215 373.308 103.282 0.729592 -3.70678 1.00572 
5.87822 373.187 102.343 0.722959 -3.67308 0.996572 
5.82429 373.066 101.404 0.716326 -3.63938 0.987429 
5.77036 372.945 100.465 0.709694 -3.60568 0.978286 
5.71643 372.824 99.5262 0.703061 -3.57198 0.969144 
5.66251 372.703 98.5872 0.696428 -3.53829 0.960001 
5.60858 372.582 97.6483 0.689796 -3.50459 0.950858 
5.55465 372.461 96.7094 0.683163 -3.47089 0.941715 
5.50072 372.34 95.7705 0.67653 -3.43719 0.932572 
5.44679 372.219 94.8315 0.669898 -3.40349 0.923429 
5.39286 372.098 93.8926 0.663265 -3.3698 0.914286 
5.33894 371.977 92.9537 0.656632 -3.3361 0.905143 
5.28501 371.856 92.0148 0.649999 -3.3024 0.896001 
5.23108 371.735 91.0758 0.643367 -3.2687 0.886858 
5.17715 371.614 90.1369 0.636734 -3.235 0.877715 
5.12322 371.493 89.198 0.630101 -3.20131 0.868572 
5.06929 371.372 88.2591 0.623469 -3.16761 0.859429 
5.01537 371.251 87.3201 0.616836 -3.13391 0.850286 
4.96144 371.13 86.3812 0.610203 -3.10021 0.841143 
4.90751 371.009 85.4423 0.603571 -3.06651 0.832 
4.85358 370.888 84.5033 0.596938 -3.03282 0.822857 
4.79965 370.767 83.5644 0.590305 -2.99912 0.813715 
4.74572 370.646 82.6255 0.583673 -2.96542 0.804572 
4.6918 370.525 81.6866 0.57704 -2.93172 0.795429 
4.63787 370.404 80.7476 0.570407 -2.89802 0.786286 
4.58394 370.283 79.8087 0.563775 -2.86433 0.777143 
4.53001 370.162 78.8698 0.557142 -2.83063 0.768 
4.47608 370.041 77.9309 0.550509 -2.79693 0.758857 
4.42215 369.92 76.9919 0.543877 -2.76323 0.749714 
4.36823 369.799 76.053 0.537244 -2.72953 0.740572 
4.3143 369.678 75.1141 0.530611 -2.69583 0.731429 
4.26037 369.557 74.1752 0.523978 -2.66214 0.722286 
4.20644 369.436 73.2362 0.517346 -2.62844 0.713143 
4.15251 369.315 72.2973 0.510713 -2.59474 0.704 
4.09858 369.194 71.3584 0.50408 -2.56104 0.694857 
4.04465 369.073 70.4194 0.497448 -2.52734 0.685714 
3.99073 368.952 69.4805 0.490815 -2.49365 0.676571 
3.9368 368.831 68.5416 0.484182 -2.45995 0.667429 
3.88287 368.71 67.6027 0.47755 -2.42625 0.658286 
3.82894 368.589 66.6637 0.470917 -2.39255 0.649143 
3.77501 368.468 65.7248 0.464284 -2.35885 0.64 
3.72108 368.347 64.7859 0.457652 -2.32516 0.630857 
3.66715 368.226 63.847 0.451019 -2.29146 0.621714 
3.61323 368.105 62.908 0.444387 -2.25776 0.612571 
3.5593 367.984 61.9691 0.437754 -2.22406 0.603428 
3.50537 367.863 61.0302 0.431121 -2.19036 0.594286 
3.45144 367.742 60.0912 0.424489 -2.15667 0.585143 
3.39751 367.621 59.1523 0.417856 -2.12297 0.576 
3.34358 367.5 58.2134 0.411223 -2.08927 0.566857 
3.28965 367.379 57.2744 0.404591 -2.05557 0.557714 
3.23573 367.258 56.3355 0.397958 -2.02187 0.548571 
3.1818 367.137 55.3966 0.391325 -1.98817 0.539428 
3.12787 367.016 54.4577 0.384693 -1.95448 0.530285 
3.07394 366.895 53.5187 0.37806 -1.92078 0.521143 
3.02001 366.774 52.5798 0.371427 -1.88708 0.512 
2.96608 366.653 51.6409 0.364795 -1.85338 0.502857 
2.91215 366.532 50.7019 0.358162 -1.81968 0.493714 
2.85823 366.411 49.763 0.351529 -1.78599 0.484571 
2.8043 366.29 48.8241 0.344897 -1.75229 0.475428 
2.75037 366.169 47.8851 0.338264 -1.71859 0.466285 
2.69644 366.048 46.9462 0.331631 -1.68489 0.457142 
2.64251 365.927 46.0073 0.324999 -1.65119 0.448 
2.58858 365.806 45.0683 0.318366 -1.6175 0.438857 
2.53465 365.685 44.1294 0.311733 -1.5838 0.429714 
2.48073 365.564 43.1905 0.305101 -1.5501 0.420571 
2.4268 365.443 42.2516 0.298468 -1.5164 0.411428 
2.37287 365.322 41.3126 0.291835 -1.4827 0.402285 
2.31894 365.201 40.3737 0.285203 -1.44901 0.393142 
2.26501 365.08 39.4348 0.27857 -1.41531 0.383999 
2.21108 364.959 38.4958 0.271937 -1.38161 0.374857 
2.15715 364.838 37.5569 0.265305 -1.34791 0.365714 
2.10322 364.717 36.618 0.258672 -1.31421 0.356571 
2.0493 364.596 35.679 0.252039 -1.28052 0.347428 
1.99537 364.475 34.7401 0.245407 -1.24682 0.338285 
1.94144 364.354 33.8012 0.238774 -1.21312 0.329142 
1.88751 364.233 32.8623 0.232141 -1.17942 0.319999 
1.83358 364.112 31.9233 0.225509 -1.14572 0.310856 
1.77965 363.991 30.9844 0.218876 -1.11202 0.301714 
1.72573 363.87 30.0455 0.212243 -1.07833 0.292571 
1.6718 363.749 29.1065 0.205611 -1.04463 0.283428 
1.61787 363.628 28.1676 0.198978 -1.01093 0.274285 
1.56394 363.507 27.2287 0.192345 -0.977233 0.265142 
1.51001 363.386 26.2898 0.185713 -0.943534 0.255999 
1.45608 363.265 25.3508 0.17908 -0.909836 0.246856 
1.40215 363.144 24.4119 0.172447 -0.876138 0.237713 
1.34823 363.023 23.473 0.165815 -0.84244 0.228571 
1.2943 362.902 22.534 0.159182 -0.808742 0.219428 
1.24037 362.781 21.5951 0.152549 -0.775044 0.210285 
1.18644 362.66 20.6562 0.145917 -0.741346 0.201142 
1.13251 362.539 19.7173 0.139284 -0.707648 0.191999 
1.07858 362.418 18.7783 0.132651 -0.67395 0.182856 
1.02465 362.297 17.8394 0.126019 -0.640252 0.173713 
0.970726 362.176 16.9005 0.119386 -0.606554 0.16457 
0.916798 362.055 15.9615 0.112753 -0.572856 0.155428 
0.862869 361.934 15.0226 0.106121 -0.539158 0.146285 
0.808941 361.813 14.0837 0.0994881 -0.50546 0.137142 
0.755012 361.692 13.1448 0.0928554 -0.471762 0.127999 
0.701084 361.571 12.2058 0.0862227 -0.438064 0.118856 
0.647155 361.45 11.2669 0.0795901 -0.404366 0.109713 
0.593227 361.329 10.328 0.0729574 -0.370668 0.10057 
0.539298 361.208 9.38904 0.0663247 -0.33697 0.0914275 
0.48537 361.087 8.45011 0.059692 -0.303272 0.0822846 
0.431441 360.966 7.51118 0.0530594 -0.269574 0.0731417 
0.377513 360.845 6.57225 0.0464267 -0.235876 0.0639989 
0.323584 360.724 5.63332 0.039794 -0.202178 0.054856 
0.269656 360.603 4.69439 0.0331614 -0.16848 0.0457131 
0.215727 360.482 3.75546 0.0265287 -0.134782 0.0365703 
0.161799 360.361 2.81654 0.019896 -0.101084 0.0274274 
0.10787 360.24 1.87761 0.0132634 -0.0673859 0.0182845 
0.0539416 360.119 0.938679 0.00663071 -0.0336879 0.00914166 
0 360 0 0 0 0 
0 360 0 0 0 0.0008 
0.005 360 0 0 0 0.0008 
0.01 360 0 0 0 0.0008 
0.01 360 0.005 0 0 0.0008 
0.01 360 0.035 0 0 0.0008 
0.01 360 0.115 0 0 0.0008 
0.01 360 0.195 0 0 0.0008 
0.035 360.045 0.195 0 0 0.0008 
0.035 360.26 0.195 0 0 0.0008 
0.035 360.565 0.195 0 0 0.0008 
0.035 361.035 0.195 0 0 0.0008 
0.035 361.705 0.195 0 0 0.0008 
0.035 362.665 0.195 0 0 0.0008 
0.035 363.915 0.195 0 0 0.0008 
0.035 365.445 0.195 0 0 0.0008 
0.035 367.075 0.195 0 0 0.0008 
0.035 368.835 0.195 0 0 0.0008 
0.035 370.86 0.195 0 0 0.0008 
0.035 372.98 0.195 0 0 0.0008 
0.035 374.91 0.195 0 0 0.0008 
0.035 376.715 0.195 0 0 0.0008 
0.035 378.66 0.195 0 0 0.0008 
0.035 380.845 0.195 0 0 0.0008 
0.035 383.16 0.195 0 0 0.0008 
0.035 385.56 0.195 0 0 0.0008 
0.035 387.945 0.195 0 0 0.0008 
0.035 390.28 0.195 0 0 0.0008 
0.035 392.905 0.195 0 0 0.0008 
0.035 395.675 0.195 0 0 0.0008 
0.035 398.375 0.195 0 0 0.0008 
0.035 400.88 0.195 0 0 0.0008 
0.035 403.065 0.195 0 0 0.0008 
0.035 404.98 0.195 0 0 0.0008 
0.035 406.67 0.195 0 0 0.0008 
0.035 408.495 0.195 0 0 0.0008 
0.035 410.335 0.195 0 0 0.0008 
0.035 412.065 0.195 0 0 0.0008 
0.035 413.725 0.195 0 0 0.0008 
0.035 415.325 0.195 0 0 0.0008 
0.035 416.91 0.195 0 0 0.0008 
0.035 418.525 0.195 0 0 0.0008 
0.035 420.11 0.195 0 0 0.0008 
0.035 421.67 0.195 0 0 0.0008 
0.035 423.145 0.195 0 0 0.0008 
0.035 424.645 0.195 0 0 0.0008 
0.035 426.39 0.195 0 0 0.0008 
0.035 428.23 0.195 0 0 0.0008 
0.035 429.975 0.195 0 0 0.0008 
0.035 431.89 0.195 0 0 0.0008 
0.035 434.04 0.195 0 0 0.0008 
0.035 436.225 0.195 0 0 0.0008 
0.035 438.315 0.195 0 0 0.0008 
0.035 440.565 0.195 0 0 0.0008 
0.035 442.83 0.195 0 0 0.0008 
0.035 444.965 0.195 0 0 0.0008 
0.035 447.3 0.195 0 0 0.0008 
0.035 449.37 0.195 0 0 0.0008 
0.035 451.115 0.195 0 0 0.0008 
0.035 452.615 0.195 0 0 0.0008 
0.035 453.81 0.195 0 0 0.0008 
0.035 454.845 0.195 0 0 0.0008 
0.035 455.65 0.195 0 0 0.0008 
0.035 456.185 0.195 0 0 0.0008 
0.035 456.6 0.195 0 0 0.0008 
0.035 456.885 0.195 0 0 0.0008 
0.035 457.045 0.195 0 0 0.0008 
0.035 457.15 0.195 0 0 0.0008 
0.035 457.22 0.195 0 0 0.0008 
0.035 457.245 0.195 0 0 0.0008 
0.035 457.25 0.195 0 0 0.0008 
0.03 457.25 0.195 0 0 0.0008 
-0.015 457.25 0.195 0 0 0.0008 
-0.09 457.25 0.195 0 0 0.0008 
-0.265 457.25 0.195 0 0 0.0008 
-0.615 457.25 0.195 0 0 0.0008 
-1.235 457.25 0.195 0 0 0.0008 
-2.04 457.25 0.195 0 0 0.0008 
-3.11 457.25 0.195 0 0 0.0008 
-4.38 457.25 0.195 0 0 0.0008 
-5.84 457.25 0.195 0 0 0.0008 
-7.485 457.25 0.195 0 0 0.0008 
-9.245 457.25 0.195 0 0 0.0008 
-11.115 457.25 0.195 0 0 0.0008 
-13.045 457.25 0.195 0 0 0.0008 
-15.215 457.25 0.195 0 0 0.0008 
-17.685 457.25 0.195 0 0 0.0008 
-20.295 457.25 0.195 0 0 0.0008 
-23.08 457.25 0.195 0 0 0.0008 
-26.085 457.25 0.195 0 0 0.0008 
-29.395 457.25 0.195 0 0 0.0008 
-32.865 457.25 0.195 0 0 0.0008 
-36.415 457.25 0.195 0 0 0.0008 
-39.985 457.25 0.195 0 0 0.0008 
-43.395 457.25 0.195 0 0 0.0008 
-46.67 457.25 0.195 0 0 0.0008 
-49.845 457.25 0.195 0 0 0.0008 
-52.93 457.25 0.195 0 0 0.0008 
-55.735 457.25 0.195 0 0 0.0008 
-58.345 457.25 0.195 0 0 0.0008 
-60.715 457.25 0.195 0 0 0.0008 
-62.865 457.25 0.195 0 0 0.0008 
-64.735 457.25 0.195 0 0 0.0008 
-66.41 457.25 0.195 0 0 0.0008 
-67.87 457.25 0.195 0 0 0.0008 
-68.64 457.25 0.195 0 0 0.0008 
-68.835 457.25 0.195 0 0 0.0008 
-68.835 457.25 0.195 0 0 0.0128 
-68.835 457.25 0.195 0 0 0.0168 
-68.835 457.25 0.195 0 0 0.0176 
-68.835 457.25 0.195 0 0 0.016 
-68.835 457.25 0.195 0 0 0.0152 
-68.835 457.25 0.195 0 0 0.016 
-68.835 457.25 0.195 0 0 0.0168 
