0 360 0 0 0.028 0 
0 360 0 0 0.0392 0 
0 360 0 0 0.0416 0.0008 
0 360.025 0 -0.0008 0.0416 0.0016 
0 360.12 0 -0.0032 0.0416 0.0016 
0 360.24 0 -0.004 0.0416 0.0016 
-0.01 361.68 -0.055 -0.0104 0.0432 0.0016 
-0.16 364.08 -0.055 -0.0208 0.0496 0.0016 
-0.315 366.78 -0.055 -0.0264 0.0576 0.0016 
-0.415 370.045 -0.055 -0.028 0.0688 0.0016 
-0.415 373.915 -0.055 -0.028 0.0816 -0.0192 
-0.42 377.88 -0.055 -0.028 0.0888 -0.0528 
-0.42 381.815 -0.055 -0.028 0.0992 -0.1024 
-0.42 385.615 -0.055 -0.028 0.12 -0.2072 
-0.42 389.52 -0.055 -0.028 0.1488 -0.3536 
-0.42 393.395 -0.055 -0.028 0.1776 -0.5 
-0.42 397.18 -0.055 -0.028 0.2056 -0.6336 
-0.42 401.07 -0.055 -0.028 0.232 -0.7504 
-0.42 403.9 -0.055 -0.028 0.2664 -0.8568 
-0.42 406.245 -0.055 -0.028 0.3024 -0.98 
-0.42 408.08 -0.055 -0.028 0.3304 -1.1192 
-0.42 409.575 -0.055 -0.02 0.3512 -1.2704 
-0.395 411.215 -0.055 -0.0184 0.372 -1.4192 
-0.39 412.35 -0.055 -0.0184 0.3792 -1.492 
-0.37 412.605 -0.055 -0.0184 0.3792 -1.5224 
-0.355 412.655 -0.055 -0.0184 0.3792 -1.5288 
-0.355 412.65 -0.055 -0.0184 0.3792 -1.5288 
-0.355 412.61 -0.055 -0.0184 0.3792 -1.5288 
-0.355 412.505 -0.055 -0.0184 0.3792 -1.5288 
-0.355 412.355 -0.055 -0.0184 0.3792 -1.5288 
-0.315 411.895 -0.055 -0.0184 0.3792 -1.5032 
-0.295 411.195 -0.055 -0.0184 0.3792 -1.424 
-0.255 410.4 -0.055 -0.0184 0.3792 -1.3488 
-0.205 409.475 -0.055 -0.0184 0.3792 -1.2816 
-0.14 408.815 -0.055 -0.0216 0.3792 -1.224 
-0.14 408.32 -0.055 -0.0472 0.3792 -1.0752 
-0.14 407.935 -0.055 -0.0784 0.3792 -0.9176 
-0.14 407.64 -0.055 -0.112 0.3792 -0.7856 
-0.12 407.43 -0.055 -0.1416 0.3792 -0.6992 
-0.1 407.28 -0.055 -0.2048 0.3792 -0.5608 
-0.1 407.12 -0.055 -0.3344 0.3792 -0.2048 
-0.1 406.96 -0.055 -0.4568 0.3792 0.1376 
-0.1 406.8 -0.055 -0.544 0.3792 0.3648 
-0.1 406.62 -0.055 -0.5992 0.3792 0.4992 
-0.1 406.4 -0.055 -0.6312 0.3792 0.58 
-0.08 406.26 -0.055 -0.6512 0.3792 0.6128 
-0.07 406.19 -0.055 -0.6616 0.3792 0.62 
-0.07 406.17 -0.06 -0.6712 0.3792 0.6216 
-0.07 406.17 -0.065 -0.6936 0.3792 0.6224 
-0.07 406.17 -0.075 -0.7512 0.3792 0.6248 
-0.07 406.17 -0.08 -0.816 0.3792 0.6424 
-0.07 406.175 -0.08 -0.8744 0.3792 0.672 
-0.07 406.2 -0.08 -0.9192 0.3792 0.6976 
-0.07 406.41 -0.08 -0.9688 0.3792 0.7072 
-0.07 407.16 -0.155 -1.0416 0.3792 0.7072 
-0.07 408.7 -0.265 -1.0888 0.3792 0.7072 
-0.07 410.56 -0.435 -1.1264 0.3792 0.7056 
-0.07 412.745 -0.66 -1.1616 0.3792 0.7016 
-0.07 414.935 -0.77 -1.1928 0.3792 0.7016 
-0.07 417.065 -0.775 -1.2192 0.3792 0.7016 
-0.07 419.16 -0.775 -1.2384 0.3792 0.7016 
-0.07 420.805 -0.87 -1.252 0.3792 0.7016 
-0.07 421.49 -0.905 -1.26 0.3792 0.7016 
-0.07 421.725 -0.905 -1.2616 0.3792 0.7256 
-0.07 421.84 -0.905 -1.2616 0.3792 0.7832 
-0.07 421.87 -0.905 -1.2616 0.3792 0.856 
-0.07 421.87 -0.905 -1.2616 0.3792 0.9344 
-0.105 421.87 -0.88 -1.2616 0.3792 1.0352 
-0.135 421.87 -0.82 -1.2608 0.3792 1.1104 
-0.145 421.87 -0.775 -1.2592 0.3792 1.1632 
-0.145 421.87 -0.755 -1.2584 0.3792 1.1808 
-0.145 421.87 -0.75 -1.2584 0.3792 1.1808 
-0.145 421.87 -0.745 -1.2576 0.3792 1.1808 
-0.145 421.87 -0.745 -1.2552 0.3792 1.1808 
-0.145 421.87 -0.745 -1.2552 0.3792 1.1864 
-0.145 421.87 -0.74 -1.2512 0.3768 1.1976 
-0.145 421.87 -0.735 -1.2464 0.3656 1.2408 
-0.275 421.87 -0.725 -1.2152 0.36 1.3032 
-0.705 421.87 -0.725 -1.1584 0.36 1.3864 
-1.115 421.87 -0.725 -1.0904 0.36 1.464 
-1.27 421.87 -0.675 -1.0352 0.3576 1.6128 
-1.36 421.865 -0.59 -1 0.3488 1.8904 
-1.485 421.865 -0.535 -1.0072 0.2752 2.8536 
-1.57 421.865 -0.455 -1.0152 0.1448 4.052 
-1.655 421.865 -0.39 -1.0192 0.0143999 5.2384 
-1.735 421.865 -0.34 -1.0192 -0.1072 6.3928 
-1.87 421.865 -0.25 -1.02 -0.248 7.524 
-2.015 421.865 -0.21 -1.0272 -0.3848 8.6248 
-2.16 421.865 -0.18 -1.0344 -0.5216 9.7136 
-2.29 421.865 -0.16 -1.0528 -0.6584 10.808 
-2.405 421.865 -0.155 -1.0968 -0.7968 11.94 
-2.51 421.87 -0.155 -1.212 -0.936 13.2408 
-2.55 421.87 -0.155 -1.3248 -1.0856 14.4448 
-2.605 421.87 -0.155 -1.4224 -1.2472 15.6616 
-2.66 421.87 -0.155 -1.5328 -1.4104 16.904 
-2.715 421.87 -0.155 -1.6472 -1.5744 18.1656 
-2.78 421.87 -0.155 -1.748 -1.7224 19.3488 
-2.855 421.87 -0.155 -1.8328 -1.8496 20.3968 
-2.93 421.87 -0.155 -1.924 -1.9632 21.4176 
-3.005 421.87 -0.155 -2.0168 -2.0632 22.4 
-3.075 421.87 -0.155 -2.1016 -2.1104 23.2648 
-3.195 421.87 -0.155 -2.16 -2.1264 24.0016 
-3.275 421.87 -0.155 -2.2 -2.1296 24.6368 
-3.34 421.87 -0.155 -2.2384 -2.1296 25.2056 
-3.365 421.87 -0.155 -2.2712 -2.1296 25.492 
-3.365 421.87 -0.16 -2.2712 -2.1296 25.492 
-3.365 421.87 -0.165 -2.2712 -2.1296 25.4904 
-3.365 421.87 -0.17 -2.2712 -2.1296 25.4848 
-3.365 421.87 -0.17 -2.2712 -2.1296 25.4744 
-3.365 421.87 -0.17 -2.2712 -2.1272 25.468 
-3.365 421.87 -0.17 -2.2712 -2.1216 25.4592 
-3.365 421.87 -0.175 -2.2712 -2.1144 25.444 
-3.365 421.87 -0.18 -2.2712 -2.1056 25.4192 
-3.365 421.87 -0.185 -2.2712 -2.0936 25.3656 
-3.365 421.87 -0.185 -2.2712 -2.0728 25.2784 
-3.365 421.87 -0.185 -2.2712 -2.0416 25.1584 
-3.365 421.87 -0.185 -2.2712 -1.9992 24.9984 
-3.365 421.87 -0.185 -2.2632 -1.9216 24.6736 
-3.365 421.87 -0.185 -2.2088 -1.8408 24.184 
-3.365 421.87 -0.185 -2.1528 -1.7608 23.664 
-3.365 421.87 -0.185 -2.104 -1.6792 23.1176 
-3.365 421.87 -0.185 -2.056 -1.588 22.4424 
-3.365 421.87 -0.185 -1.9888 -1.4952 21.6232 
-3.365 421.87 -0.185 -1.9272 -1.4016 20.788 
-3.365 421.87 -0.185 -1.872 -1.3072 19.9312 
-3.365 421.87 -0.185 -1.7984 -1.22 18.9584 
-3.36 421.87 -0.185 -1.6968 -1.1432 17.936 
-3.355 421.87 -0.185 -1.5992 -1.0624 16.9112 
-3.35 421.87 -0.185 -1.504 -0.9776 15.8712 
-3.335 421.87 -0.19 -1.3896 -0.908 14.7304 
-3.315 421.87 -0.2 -1.2664 -0.856 13.5376 
-3.295 421.87 -0.2 -1.1408 -0.804 12.3608 
-3.275 421.87 -0.2 -1.012 -0.752 11.1928 
-3.24 421.87 -0.2 -0.8736 -0.6872 10.02 
-3.205 421.87 -0.2 -0.7528 -0.6064 8.876 
-3.17 421.87 -0.2 -0.6416 -0.5168 7.7416 
-3.13 421.87 -0.2 -0.532 -0.4256 6.6104 
-3.085 421.87 -0.2 -0.4024 -0.3552 5.4056 
-3.04 421.87 -0.2 -0.2672 -0.2952 4.1864 
-2.99 421.87 -0.2 -0.136 -0.2352 2.968 
-2.935 421.87 -0.2 -0.0127998 -0.1752 1.7624 
-2.88 421.87 -0.2 0.1088 -0.116 0.600802 
-2.835 421.87 -0.2 0.232 -0.0439999 -0.506398 
-2.79 421.87 -0.2 0.3432 0.0384001 -1.5832 
-2.75 421.87 -0.2 0.4568 0.12 -2.6424 
-2.715 421.87 -0.2 0.572 0.2008 -3.6656 
-2.67 421.87 -0.2 0.7056 0.2784 -4.7032 
-2.625 421.87 -0.2 0.8424 0.3488 -5.7336 
-2.585 421.87 -0.2 0.976 0.4192 -6.7584 
-2.56 421.87 -0.2 1.1 0.4888 -7.7472 
-2.54 421.87 -0.2 1.2208 0.5536 -8.6664 
-2.525 421.87 -0.2 1.3664 0.6216 -9.6056 
-2.52 421.87 -0.2 1.5144 0.6904 -10.528 
-2.515 421.87 -0.2 1.652 0.7608 -11.444 
-2.51 421.87 -0.2 1.7776 0.82 -12.308 
-2.505 421.87 -0.2 1.9168 0.8784 -13.1472 
-2.505 421.87 -0.2 2.0504 0.9336 -13.8896 
-2.505 421.87 -0.2 2.1552 0.9848 -14.4936 
-2.505 421.87 -0.2 2.1896 1.0104 -14.752 
-2.505 421.87 -0.2 2.1896 1.0104 -14.7912 
-2.505 421.87 -0.2 2.1896 1.0104 -14.8176 
-2.505 421.87 -0.2 2.1896 1.0104 -14.824 
-2.505 421.87 -0.2 2.1896 1.0104 -14.8248 
-2.505 421.87 -0.2 2.1896 1.0104 -14.828 
-2.505 421.87 -0.2 2.1896 1.0104 -14.8312 
-2.505 421.87 -0.2 2.1896 1.0104 -14.832 
-2.505 421.87 -0.2 2.1896 1.0104 -14.8304 
-2.505 421.87 -0.2 2.1896 1.0104 -14.8192 
-2.505 421.87 -0.2 2.1896 1.0104 -14.7936 
-2.505 421.87 -0.2 2.1896 1.0104 -14.7528 
-2.505 421.87 -0.2 2.1896 1.0104 -14.672 
-2.505 421.87 -0.2 2.1896 1.0104 -14.5712 
-2.505 421.87 -0.2 2.1896 1.0104 -14.488 
-2.505 421.87 -0.2 2.1896 1.0104 -14.4128 
-2.505 421.87 -0.2 2.1896 1.0104 -14.292 
-2.505 421.87 -0.2 2.1896 1.0104 -14.1728 
-2.505 421.87 -0.2 2.1896 1.0104 -14.08 
-2.505 421.87 -0.2 2.1896 1.0104 -14.0184 
-2.505 421.87 -0.2 2.1896 1.0104 -13.9504 
-2.505 421.87 -0.2 2.1896 1.0104 -13.8608 
-2.505 421.87 -0.2 2.1896 1.0104 -13.7736 
-2.505 421.87 -0.2 2.1896 1.0104 -13.688 
-2.505 421.87 -0.2 2.1896 1.0104 -13.5344 
-2.505 421.87 -0.2 2.1896 1.0104 -13.2984 
-2.505 421.87 -0.2 2.1896 1.0104 -13.0592 
-2.505 421.87 -0.2 2.1872 1.0104 -12.8064 
-2.505 421.87 -0.2 2.1544 1.0104 -12.3576 
-2.505 421.87 -0.2 2.0776 1.0104 -11.6808 
-2.505 421.87 -0.2 1.988 1.0104 -10.932 
-2.505 421.87 -0.2 1.9 1.0104 -10.1416 
-2.505 421.87 -0.2 1.8208 1.0096 -9.3464 
-2.505 421.87 -0.2 1.7544 1.004 -8.568 
-2.505 421.87 -0.2 1.6584 0.9976 -7.7504 
-2.505 421.87 -0.2 1.5616 0.9904 -6.9112 
-2.505 421.87 -0.2 1.4816 0.984 -6.084 
-2.505 421.87 -0.2 1.4128 0.9776 -5.3 
-2.505 421.87 -0.2 1.3544 0.9696 -4.6152 
-2.505 421.87 -0.2 1.2704 0.96 -3.8512 
-2.505 421.87 -0.2 1.1896 0.9504 -3.0768 
-2.505 421.87 -0.2 1.1208 0.9408 -2.3296 
-2.505 421.87 -0.2 1.0384 0.936 -1.5912 
-2.505 421.87 -0.2 0.9464 0.9352 -0.857598 
-2.505 421.87 -0.2 0.8664 0.9352 -0.170398 
-2.505 421.87 -0.2 0.8 0.9352 0.461602 
-2.505 421.87 -0.2 0.744 0.9352 0.991202 
-2.505 421.87 -0.2 0.68 0.9352 1.5808 
-2.505 421.87 -0.2 0.6224 0.9352 2.1464 
-2.505 421.87 -0.2 0.5784 0.9352 2.644 
-2.505 421.87 -0.2 0.5512 0.9352 3.06 
-2.505 421.87 -0.2 0.548 0.9352 3.2064 
-2.505 421.87 -0.2 0.548 0.9352 3.268 
-2.51 421.87 -0.2 0.548 0.9352 3.3168 
-2.515 421.87 -0.2 0.548 0.9352 3.3424 
-2.515 421.87 -0.2 0.548 0.9352 3.3464 
-2.515 421.87 -0.2 0.548 0.9352 3.3456 
-2.515 421.87 -0.2 0.548 0.9352 3.3448 
-2.515 421.87 -0.2 0.548 0.9352 3.344 
