0 360 0 0 0 -0.0008 
0 360.055 0 0 0 -0.0016 
0 360.375 0 0 0 -0.0016 
0 360.88 0 0 0 -0.0016 
0 361.705 0 0 0 -0.0016 
0 362.875 0 -0.0008 0 -0.0016 
0 364.36 0 -0.0016 0 -0.0016 
0 366.26 0 -0.004 0 -0.0016 
0 368.26 0 -0.0128 0 -0.0016 
-0.05 370.33 0 -0.024 0 -0.0016 
-0.05 372.595 0 -0.0312 0 -0.0016 
-0.05 374.725 0 -0.0336 0 -0.0016 
-0.05 377.4 0 -0.036 0 -0.0016 
-0.05 380.11 0 -0.04 0 -0.0016 
-0.05 383.025 0 -0.0448 0 -0.0016 
-0.05 386.815 0 -0.0488 0 -0.0016 
-0.05 390.29 0.04 -0.0496 0 -0.0032 
-0.05 393.605 0.1 -0.0504 0 -0.008 
-0.05 397.29 0.11 -0.052 0 -0.0128 
-0.05 401.43 0.11 -0.0544 0 -0.0144 
-0.05 405.435 0.11 -0.0568 0 -0.0152 
-0.05 409.62 0.175 -0.0592 0 -0.0152 
-0.05 413.52 0.295 -0.06 0 -0.0192 
-0.05 417.235 0.44 -0.06 0 -0.0304 
-0.05 421.41 0.645 -0.0624 0 -0.036 
-0.05 425.415 0.87 -0.0656 0 -0.0424 
-0.05 428.635 1.14 -0.0656 0 -0.0584 
-0.05 431.715 1.45 -0.0656 0 -0.084 
-0.05 434.885 1.76 -0.0656 0 -0.1144 
-0.05 438.015 1.935 -0.0656 0 -0.1608 
-0.05 441.265 1.975 -0.0656 0 -0.2096 
-0.05 444.61 1.98 -0.0656 0 -0.2536 
-0.05 447.86 2 -0.0656 0 -0.2992 
-0.05 451.115 2.06 -0.0656 0 -0.3408 
-0.05 454.75 2.18 -0.0656 0 -0.3696 
-0.05 457.93 2.22 -0.0656 0 -0.3896 
-0.05 459.905 2.225 -0.0656 0 -0.4168 
-0.05 461.29 2.225 -0.0656 0 -0.4504 
-0.045 461.67 2.23 -0.0656 0 -0.472 
-0.045 461.755 2.25 -0.0656 0 -0.472 
-0.045 461.755 2.25 -0.06 0 -0.4888 
-0.045 461.755 2.25 -0.0584 0 -0.4968 
-0.045 461.755 2.25 -0.0584 0 -0.4992 
-0.04 461.755 2.25 -0.0584 0 -0.4992 
-0.04 461.445 2.25 -0.0392 0 -0.4992 
-0.04 460.51 2.25 0.0176 0 -0.4992 
-0.04 459.5 2.25 0.0768 0 -0.4992 
-0.04 458.105 2.25 0.1584 0 -0.4992 
-0.04 455.535 2.25 0.3176 0 -0.4992 
-0.04 452.62 2.25 0.4888 0 -0.4992 
-0.04 449.4 2.25 0.6536 -0.0024 -0.4992 
-0.04 445.495 2.25 0.824 -0.0032 -0.5048 
-0.04 441.005 2.25 1.032 -0.0032 -0.5256 
-0.04 436.585 2.25 1.2472 -0.0032 -0.5464 
-0.04 432.27 2.25 1.448 -0.0032 -0.5568 
-0.04 428.335 2.25 1.6384 -0.0056 -0.5592 
-0.015 423.85 2.25 1.852 -0.0136 -0.5624 
-0.015 419.57 2.25 2.0496 -0.016 -0.5624 
-0.015 415.705 2.25 2.2272 -0.016 -0.5744 
-0.015 412.855 2.25 2.3672 -0.016 -0.6272 
-0.015 410.725 2.25 2.4728 -0.016 -0.716 
0.02 409.46 2.305 2.532 -0.016 -0.8 
0.02 408.92 2.405 2.5456 -0.016 -0.812 
0.02 408.595 2.465 2.5496 -0.016 -0.8128 
0.02 408.375 2.505 2.552 -0.016 -0.8128 
0.02 408.205 2.535 2.5568 -0.016 -0.8208 
0.02 408.07 2.54 2.5624 -0.016 -0.8344 
0.02 407.975 2.54 2.5664 -0.016 -0.8488 
0.02 407.885 2.54 2.5672 -0.016 -0.86 
0.02 407.81 2.555 2.568 -0.016 -0.868 
0.02 407.73 2.6 2.568 -0.016 -0.8736 
0.005 407.685 2.635 2.568 -0.016 -0.8752 
-0.045 407.64 2.68 2.568 -0.016 -0.8792 
-0.235 407.56 2.755 2.568 -0.016 -0.8936 
-0.73 407.54 2.86 2.568 -0.016 -0.9224 
-1.755 407.54 3.175 2.568 -0.016 -0.9608 
-3.12 407.54 3.72 2.568 -0.016 -1.02 
-4.975 407.505 4.64 2.568 -0.016 -1.1016 
-7.645 407.485 5.915 2.568 -0.016 -1.18 
-10.955 407.455 7.38 2.568 -0.016 -1.2552 
-14.555 407.455 9.12 2.568 -0.016 -1.3248 
-18.065 407.455 10.73 2.568 -0.016 -1.4104 
-21.545 407.45 12.22 2.568 -0.016 -1.5008 
-25.15 407.33 13.705 2.568 -0.016 -1.5864 
-29.445 407.25 15.54 2.568 -0.0168 -1.6528 
-34.475 407.245 17.535 2.568 -0.024 -1.7024 
-39.64 407.195 19.5 2.568 -0.0336 -1.7504 
-45.4 406.87 21.48 2.568 -0.0384 -1.7952 
-51.225 406.535 23.415 2.568 -0.0384 -1.8544 
-56.795 406.415 25.315 2.568 -0.0384 -1.9224 
-62.345 406.41 27.215 2.568 -0.0392 -1.988 
-68.425 406.145 29.325 2.568 -0.0488 -2.0344 
-74.91 405.72 31.445 2.568 -0.0592 -2.0688 
-81.385 405.42 33.54 2.568 -0.0696 -2.0984 
-87.475 405.17 35.64 2.568 -0.0832 -2.1288 
-93.25 404.855 37.695 2.568 -0.0976 -2.1656 
-99 404.565 39.645 2.568 -0.112 -2.1992 
-104.6 404.36 41.59 2.568 -0.1248 -2.2296 
-109.875 404.125 43.55 2.568 -0.1392 -2.2632 
-114.655 403.88 45.345 2.568 -0.1528 -2.3032 
-118.8 403.73 46.825 2.568 -0.1648 -2.3392 
-121.99 403.73 47.925 2.568 -0.1736 -2.3672 
-124.69 403.73 48.85 2.568 -0.18 -2.3904 
-126.18 403.73 49.415 2.568 -0.1832 -2.3992 
-126.83 403.73 49.71 2.568 -0.1856 -2.3992 
-127.19 403.73 49.9 2.568 -0.188 -2.3992 
-127.225 403.73 49.94 2.568 -0.1888 -2.3992 
-127.15 403.73 49.94 2.568 -0.1888 -2.3992 
-126.78 403.73 49.94 2.568 -0.1896 -2.3992 
-126.005 403.73 49.94 2.568 -0.1912 -2.3992 
-124.645 403.73 49.94 2.568 -0.1936 -2.3992 
-122.52 403.73 49.94 2.568 -0.1968 -2.3992 
-120.145 403.73 49.94 2.568 -0.2008 -2.3992 
-117.935 403.73 49.94 2.568 -0.2056 -2.3992 
-115.395 403.73 49.94 2.568 -0.2128 -2.3984 
-111.545 403.73 49.94 2.572 -0.2216 -2.3984 
-107.61 403.73 49.94 2.5728 -0.232 -2.3984 
-103.69 403.73 49.94 2.5776 -0.256 -2.392 
-99.41 403.73 49.94 2.5872 -0.292 -2.376 
-94.705 403.73 49.94 2.596 -0.3304 -2.3576 
-89.925 403.73 49.94 2.604 -0.368 -2.3416 
-85.06 403.73 49.94 2.608 -0.3984 -2.3384 
-79.605 403.73 49.94 2.6104 -0.4272 -2.3384 
-73.875 403.73 49.94 2.6128 -0.4576 -2.3384 
-68.61 403.73 49.94 2.6152 -0.4928 -2.3352 
-63.98 403.73 49.94 2.616 -0.5352 -2.3208 
-59.38 403.73 49.94 2.616 -0.5784 -2.3064 
-54.49 403.73 49.94 2.616 -0.6256 -2.2912 
-49.37 403.73 49.94 2.616 -0.6688 -2.2784 
-44.555 403.73 49.94 2.616 -0.7144 -2.2624 
-39.85 403.73 49.94 2.616 -0.7592 -2.2488 
-34.61 403.73 49.94 2.616 -0.8072 -2.2312 
-29.385 403.73 49.94 2.616 -0.8576 -2.2088 
-24.485 403.73 49.94 2.616 -0.9112 -2.188 
-19.485 403.73 49.94 2.616 -0.9656 -2.1744 
-14.105 403.73 49.94 2.616 -1.02 -2.1608 
-8.715 403.73 49.94 2.616 -1.0808 -2.1368 
-3.865 403.73 49.94 2.616 -1.152 -2.0984 
0.914999 403.73 49.94 2.616 -1.2256 -2.0576 
6.165 403.73 49.94 2.616 -1.2952 -2.0208 
11.355 403.73 49.94 2.616 -1.368 -1.9776 
16.47 403.73 49.94 2.616 -1.4424 -1.9336 
21.225 403.73 49.94 2.616 -1.516 -1.892 
25.895 403.73 49.94 2.616 -1.5856 -1.852 
30.4 403.73 49.94 2.616 -1.6528 -1.8128 
34.575 403.73 49.94 2.616 -1.7192 -1.7688 
38.34 403.73 49.94 2.616 -1.7888 -1.7232 
40.565 403.73 50.005 2.616 -1.8608 -1.668 
41.995 403.73 50.125 2.616 -1.908 -1.6368 
42.96 403.73 50.285 2.616 -1.9384 -1.6168 
43.155 403.73 50.46 2.616 -1.9672 -1.5736 
43.115 403.73 50.645 2.616 -2.0184 -1.4928 
42.915 403.73 50.895 2.6152 -2.0712 -1.4216 
42.34 403.73 51.345 2.6144 -2.116 -1.3728 
41.335 403.73 52.035 2.612 -2.1528 -1.336 
39.9 403.73 52.95 2.6096 -2.1872 -1.3016 
37.115 403.685 54.275 2.6096 -2.2328 -1.2496 
33.41 403.685 55.82 2.608 -2.296 -1.164 
29.445 403.685 57.535 2.6064 -2.3552 -1.0792 
25.22 403.685 59.405 2.6064 -2.4008 -1.004 
20.87 403.685 61.385 2.6064 -2.4144 -0.9632 
16.81 403.685 63.225 2.6064 -2.4144 -0.9376 
12.865 403.685 64.98 2.6064 -2.4144 -0.9072 
8.86999 403.685 66.835 2.6064 -2.4144 -0.8688 
4.78999 403.685 68.91 2.6064 -2.4144 -0.8304 
0.904989 403.685 71.065 2.6064 -2.4144 -0.7936 
-2.91501 403.685 73.175 2.6064 -2.4144 -0.7712 
-6.23501 403.685 74.975 2.6064 -2.4144 -0.7696 
-8.53001 403.685 76.31 2.6064 -2.4344 -0.7696 
-9.91001 403.685 77.17 2.6048 -2.5424 -0.7696 
-10.86 403.685 77.765 2.5928 -2.7304 -0.7696 
-11.51 403.685 78.18 2.588 -3.34 -0.7696 
-12.045 403.685 78.56 2.588 -4.3536 -0.7696 
-12.335 403.685 78.77 2.588 -5.4336 -0.7696 
-12.52 403.685 78.895 2.588 -6.5544 -0.7696 
-12.65 403.685 78.975 2.588 -7.7096 -0.7864 
-12.765 403.685 79.045 2.588 -8.9352 -0.812 
-12.785 403.685 79.095 2.588 -10.2936 -0.832 
-12.785 403.685 79.205 2.588 -11.7856 -0.8368 
-12.785 403.685 79.33 2.588 -13.316 -0.8368 
-12.785 403.685 79.485 2.588 -14.9464 -0.8368 
-12.785 403.685 79.55 2.588 -16.596 -0.8368 
-12.785 403.685 79.55 2.588 -18.2456 -0.8432 
-12.785 403.685 79.55 2.588 -19.8952 -0.8816 
-12.785 403.685 79.55 2.588 -21.5448 -0.9104 
-12.785 403.685 79.55 2.588 -23.1944 -0.9344 
-12.785 403.685 79.56 2.588 -24.844 -0.9376 
-12.785 403.685 79.58 2.588 -26.4376 -0.9376 
-12.785 403.685 79.585 2.588 -28 -0.9376 
-12.785 403.685 79.585 2.588 -29.5624 -0.9376 
-12.785 403.685 79.585 2.588 -31.1008 -0.9376 
-12.785 403.685 79.585 2.588 -32.4616 -0.9376 
-12.785 403.685 79.585 2.588 -33.7592 -0.9376 
-12.785 403.685 79.585 2.5824 -34.9632 -0.9336 
-12.785 403.685 79.59 2.5472 -35.9648 -0.8792 
-12.785 403.685 79.59 2.4856 -36.8192 -0.7704 
-12.785 403.685 79.59 2.392 -37.5736 -0.6168 
-12.76 403.655 79.59 2.2928 -38.248 -0.4976 
-12.71 403.62 79.59 2.188 -38.8952 -0.3832 
-12.695 403.57 79.59 2.064 -39.4656 -0.2448 
-12.695 403.5 79.605 1.9176 -39.8928 -0.0551999 
-12.695 403.38 79.61 1.7736 -40.2936 0.1544 
-12.69 403.21 79.61 1.636 -40.7024 0.3776 
-12.64 403.07 79.61 1.4936 -41.0968 0.6048 
-12.635 402.92 79.61 1.332 -41.4664 0.8688 
-12.63 402.72 79.61 1.1512 -41.8104 1.1672 
-12.63 402.48 79.61 0.972799 -42.1592 1.4696 
-12.63 402.225 79.61 0.802399 -42.4792 1.7384 
-12.63 401.995 79.61 0.635999 -42.7608 1.9648 
-12.62 401.71 79.61 0.471999 -43.0216 2.172 
-12.605 401.425 79.61 0.298399 -43.2504 2.3632 
-12.605 401.375 79.61 0.238399 -43.2504 2.4104 
-12.605 401.37 79.615 0.219199 -43.2504 2.4104 
-12.605 401.37 79.625 0.213599 -43.2504 2.4104 
-12.605 401.37 79.63 0.213599 -43.2504 2.4064 
-12.605 401.37 79.63 0.213599 -43.2504 2.4048 
-12.605 401.37 79.63 0.213599 -43.2504 2.4032 
